1	1	1	1	3		293.15	0	0	0.0002	-8.01002e-05	-8.01002e-05	0	0	0	1.85385	2.6975e-07	2.6975e-07	0	0	0	0.000185385	0.000185552	0	-1.67183e-07		
1	1	1	2	6		293.15	0	0	0.0004	-0.000160295	-0.000160295	0	0	0	3.68322	5.24414e-07	5.24414e-07	0	0	0	0.000739093	0.00073039	0	8.70307e-06		
1	1	1	3	9		293.15	0	0	0.0006	-0.000240578	-0.000240578	0	0	0	5.48965	1.01737e-06	1.01737e-06	0	0	0	0.00165638	0.00162221	0	3.41678e-05		
1	1	1	4	12		293.15	0	0	0.0008	-0.000320945	-0.000320945	0	0	0	7.27453	1.02382e-06	1.02382e-06	0	0	0	0.0029328	0.00285036	0	8.24364e-05		
1	1	1	5	15		293.15	0	0	0.001	-0.000401391	-0.000401391	0	0	0	9.03917	1.03218e-06	1.03218e-06	0	0	0	0.00456417	0.00440555	0	0.000158616		
1	1	1	6	18		293.15	0	0	0.0012	-0.000481913	-0.000481913	0	0	0	10.7848	1.04235e-06	1.04235e-06	0	0	0	0.00654656	0.00627964	0	0.000266916		
1	1	1	7	21		293.15	0	0	0.0014	-0.000562505	-0.000562505	0	0	0	12.5124	1.05423e-06	1.05423e-06	0	0	0	0.00887627	0.00846546	0	0.000410808		
1	1	1	8	24		293.15	0	0	0.0016	-0.000643165	-0.000643165	0	0	0	14.223	1.06773e-06	1.06773e-06	0	0	0	0.0115498	0.0109566	0	0.000593169		
1	1	1	9	27		293.15	0	0	0.0018	-0.000723889	-0.000723889	0	0	0	15.9177	1.08278e-06	1.08278e-06	0	0	0	0.0145639	0.0137475	0	0.000816385		
1	1	1	10	30		293.15	0	0	0.002	-0.000804675	-0.000804675	0	0	0	17.5971	1.09929e-06	1.09929e-06	0	0	0	0.0179154	0.0168329	0	0.00108245		
1	1	1	11	33		293.15	0	0	0.0022	-0.000885518	-0.000885518	0	0	0	19.2622	1.1172e-06	1.1172e-06	0	0	0	0.0216013	0.0202083	0	0.00139302		
1	1	1	12	36		293.15	0	0	0.0024	-0.000966418	-0.000966418	0	0	0	20.9137	1.13644e-06	1.13644e-06	0	0	0	0.0256189	0.0238694	0	0.00174951		
1	1	1	13	39		293.15	0	0	0.0026	-0.00104737	-0.00104737	0	0	0	22.5522	1.15696e-06	1.15696e-06	0	0	0	0.0299655	0.0278124	0	0.00215311		
1	1	1	14	42		293.15	0	0	0.0028	-0.00112837	-0.00112837	0	0	0	24.1783	1.1787e-06	1.1787e-06	0	0	0	0.0346385	0.0320337	0	0.00260483		
1	1	1	15	45		293.15	0	0	0.003	-0.00120943	-0.00120943	0	0	0	25.7926	1.2016e-06	1.2016e-06	0	0	0	0.0396356	0.0365301	0	0.00310555		
1	1	1	16	48		293.15	0	0	0.0032	-0.00129053	-0.00129053	0	0	0	27.3957	1.22564e-06	1.22564e-06	0	0	0	0.0449544	0.0412984	0	0.00365603		
1	1	1	17	51		293.15	0	0	0.0034	-0.00137167	-0.00137167	0	0	0	28.9881	1.25075e-06	1.25075e-06	0	0	0	0.0505928	0.0463359	0	0.00425694		
1	1	1	18	54		293.15	0	0	0.0036	-0.00145286	-0.00145286	0	0	0	30.5702	1.2769e-06	1.2769e-06	0	0	0	0.0565487	0.0516398	0	0.00490886		
1	1	1	19	57		293.15	0	0	0.0038	-0.00153409	-0.00153409	0	0	0	32.1425	1.30405e-06	1.30405e-06	0	0	0	0.0628199	0.0572076	0	0.00561234		
1	1	1	20	60		293.15	0	0	0.004	-0.00161536	-0.00161536	0	0	0	33.7053	1.33216e-06	1.33216e-06	0	0	0	0.0694047	0.0630369	0	0.00636784		
1	1	1	21	63		293.15	0	0	0.0042	-0.00169667	-0.00169667	0	0	0	35.259	1.36121e-06	1.36121e-06	0	0	0	0.0763011	0.0691253	0	0.0071758		
1	1	1	22	66		293.15	0	0	0.0044	-0.00177802	-0.00177802	0	0	0	36.804	1.39117e-06	1.39117e-06	0	0	0	0.0835074	0.0754708	0	0.00803662		
1	1	1	23	69		293.15	0	0	0.0046	-0.00185941	-0.00185941	0	0	0	38.3405	1.42199e-06	1.42199e-06	0	0	0	0.0910219	0.0820712	0	0.00895067		
1	1	1	24	72		293.15	0	0	0.0048	-0.00194083	-0.00194083	0	0	0	39.869	1.45366e-06	1.45366e-06	0	0	0	0.0988428	0.0889245	0	0.0099183		
1	1	1	25	75		293.15	0	0	0.005	-0.00202228	-0.00202228	0	0	0	41.3896	1.48616e-06	1.48616e-06	0	0	0	0.106969	0.0960289	0	0.0109398		
1	1	1	26	78		293.15	0	0	0.0052	-0.00210377	-0.00210377	0	0	0	42.9027	1.51945e-06	1.51945e-06	0	0	0	0.115398	0.103382	0	0.0120156		
1	1	1	27	81		293.15	0	0	0.0054	-0.0021853	-0.0021853	0	0	0	44.4084	1.55351e-06	1.55351e-06	0	0	0	0.124129	0.110983	0	0.0131459		
1	1	1	28	84		293.15	0	0	0.0056	-0.00226685	-0.00226685	0	0	0	45.9071	1.58833e-06	1.58833e-06	0	0	0	0.133161	0.11883	0	0.0143309		
1	1	1	29	87		293.15	0	0	0.0058	-0.00234844	-0.00234844	0	0	0	47.3989	1.62389e-06	1.62389e-06	0	0	0	0.142491	0.12692	0	0.015571		
1	1	1	30	90		293.15	0	0	0.006	-0.00243005	-0.00243005	0	0	0	48.884	1.66016e-06	1.66016e-06	0	0	0	0.152119	0.135253	0	0.0168664		
1	1	1	31	93		293.15	0	0	0.0062	-0.0025117	-0.0025117	0	0	0	50.3627	1.69713e-06	1.69713e-06	0	0	0	0.162044	0.143827	0	0.0182174		
1	1	1	32	96		293.15	0	0	0.0064	-0.00259337	-0.00259337	0	0	0	51.8351	1.73479e-06	1.73479e-06	0	0	0	0.172264	0.15264	0	0.0196242		
1	1	1	33	99		293.15	0	0	0.0066	-0.00267508	-0.00267508	0	0	0	53.3013	1.77311e-06	1.77311e-06	0	0	0	0.182778	0.161691	0	0.021087		
1	1	1	34	102		293.15	0	0	0.0068	-0.00275681	-0.00275681	0	0	0	54.7616	1.81208e-06	1.81208e-06	0	0	0	0.193584	0.170978	0	0.0226061		
1	1	1	35	105		293.15	0	0	0.007	-0.00283857	-0.00283857	0	0	0	56.2161	1.85169e-06	1.85169e-06	0	0	0	0.204682	0.1805	0	0.0241816		
1	1	1	36	108		293.15	0	0	0.0072	-0.00292035	-0.00292035	0	0	0	57.665	1.89192e-06	1.89192e-06	0	0	0	0.21607	0.190256	0	0.0258138		
1	1	1	37	111		293.15	0	0	0.0074	-0.00300216	-0.00300216	0	0	0	59.1083	1.93276e-06	1.93276e-06	0	0	0	0.227747	0.200244	0	0.0275029		
1	1	1	38	114		293.15	0	0	0.0076	-0.003084	-0.003084	0	0	0	60.5463	1.97421e-06	1.97421e-06	0	0	0	0.239713	0.210464	0	0.029249		
1	1	1	39	117		293.15	0	0	0.0078	-0.00316586	-0.00316586	0	0	0	61.979	2.01624e-06	2.01624e-06	0	0	0	0.251965	0.220913	0	0.0310524		
1	1	1	40	120		293.15	0	0	0.008	-0.00324774	-0.00324774	0	0	0	63.4066	2.05885e-06	2.05885e-06	0	0	0	0.264504	0.23159	0	0.0329132		
1	1	1	41	123		293.15	0	0	0.0082	-0.00332966	-0.00332966	0	0	0	64.8291	2.10202e-06	2.10202e-06	0	0	0	0.277327	0.242496	0	0.0348316		
1	1	1	42	126		293.15	0	0	0.0084	-0.00341159	-0.00341159	0	0	0	66.2467	2.14575e-06	2.14575e-06	0	0	0	0.290435	0.253627	0	0.0368078		
1	1	1	43	129		293.15	0	0	0.0086	-0.00349355	-0.00349355	0	0	0	67.6595	2.19003e-06	2.19003e-06	0	0	0	0.303825	0.264983	0	0.038842		
1	1	1	44	132		293.15	0	0	0.0088	-0.00357553	-0.00357553	0	0	0	69.0676	2.23484e-06	2.23484e-06	0	0	0	0.317498	0.276564	0	0.0409342		
1	1	1	45	135		293.15	0	0	0.009	-0.00365753	-0.00365753	0	0	0	70.471	2.28018e-06	2.28018e-06	0	0	0	0.331452	0.288367	0	0.0430847		
1	1	1	46	138		293.15	0	0	0.0092	-0.00373956	-0.00373956	0	0	0	71.87	2.32604e-06	2.32604e-06	0	0	0	0.345686	0.300392	0	0.0452937		
1	1	1	47	141		293.15	0	0	0.0094	-0.0038216	-0.0038216	0	0	0	73.2644	2.37241e-06	2.37241e-06	0	0	0	0.3602	0.312638	0	0.0475611		
1	1	1	48	144		293.15	0	0	0.0096	-0.00390367	-0.00390367	0	0	0	74.6546	2.41929e-06	2.41929e-06	0	0	0	0.374991	0.325104	0	0.0498873		
1	1	1	49	147		293.15	0	0	0.0098	-0.00398576	-0.00398576	0	0	0	76.0404	2.46666e-06	2.46666e-06	0	0	0	0.390061	0.337789	0	0.0522722		
1	1	1	50	150		293.15	0	0	0.01	-0.00406787	-0.00406787	0	0	0	77.422	2.51452e-06	2.51452e-06	0	0	0	0.405407	0.350691	0	0.0547162		
1	1	1	51	153		293.15	0	0	0.0102	-0.00415001	-0.00415001	0	0	0	78.7995	2.56285e-06	2.56285e-06	0	0	0	0.421029	0.36381	0	0.0572192		
1	1	1	52	156		293.15	0	0	0.0104	-0.00423216	-0.00423216	0	0	0	80.173	2.61167e-06	2.61167e-06	0	0	0	0.436927	0.377145	0	0.0597814		
1	1	1	53	159		293.15	0	0	0.0106	-0.00431433	-0.00431433	0	0	0	81.5424	2.66095e-06	2.66095e-06	0	0	0	0.453098	0.390695	0	0.0624029		
1	1	1	54	162		293.15	0	0	0.0108	-0.00439652	-0.00439652	0	0	0	82.908	2.71069e-06	2.71069e-06	0	0	0	0.469543	0.404459	0	0.0650839		
1	1	1	55	165		293.15	0	0	0.011	-0.00447874	-0.00447874	0	0	0	84.2696	2.76089e-06	2.76089e-06	0	0	0	0.486261	0.418437	0	0.0678244		
1	1	1	56	168		293.15	0	0	0.0112	-0.00456097	-0.00456097	0	0	0	85.6275	2.81153e-06	2.81153e-06	0	0	0	0.503251	0.432626	0	0.0706246		
1	1	1	57	171		293.15	0	0	0.0114	-0.00464322	-0.00464322	0	0	0	86.9816	2.86262e-06	2.86262e-06	0	0	0	0.520512	0.447027	0	0.0734845		
1	1	1	58	174		293.15	0	0	0.0116	-0.00472549	-0.00472549	0	0	0	88.3321	2.91415e-06	2.91415e-06	0	0	0	0.538043	0.461639	0	0.0764043		
1	1	1	59	177		293.15	0	0	0.0118	-0.00480778	-0.00480778	0	0	0	89.6789	2.96611e-06	2.96611e-06	0	0	0	0.555844	0.47646	0	0.079384		
1	1	1	60	180		293.15	0	0	0.012	-0.00489008	-0.00489008	0	0	0	91.0222	3.01849e-06	3.01849e-06	0	0	0	0.573914	0.49149	0	0.0824239		
1	1	1	61	183		293.15	0	0	0.0122	-0.00497241	-0.00497241	0	0	0	92.3619	3.0713e-06	3.0713e-06	0	0	0	0.592253	0.506729	0	0.0855238		
1	1	1	62	186		293.15	0	0	0.0124	-0.00505475	-0.00505475	0	0	0	93.6982	3.12452e-06	3.12452e-06	0	0	0	0.610859	0.522174	0	0.088684		
1	1	1	63	189		293.15	0	0	0.0126	-0.00513711	-0.00513711	0	0	0	95.031	3.17815e-06	3.17815e-06	0	0	0	0.629731	0.537827	0	0.0919046		
1	1	1	64	192		293.15	0	0	0.0128	-0.00521949	-0.00521949	0	0	0	96.3605	3.23219e-06	3.23219e-06	0	0	0	0.648871	0.553685	0	0.0951855		
1	1	1	65	195		293.15	0	0	0.013	-0.00530189	-0.00530189	0	0	0	97.6867	3.28663e-06	3.28663e-06	0	0	0	0.668275	0.569748	0	0.0985269		
1	1	1	66	198		293.15	0	0	0.0132	-0.0053843	-0.0053843	0	0	0	99.0096	3.34147e-06	3.34147e-06	0	0	0	0.687945	0.586016	0	0.101929		
1	1	1	67	201		293.15	0	0	0.0134	-0.00546673	-0.00546673	0	0	0	100.329	3.39671e-06	3.39671e-06	0	0	0	0.707879	0.602487	0	0.105392		
1	1	1	68	204		293.15	0	0	0.0136	-0.00554918	-0.00554918	0	0	0	101.646	3.45233e-06	3.45233e-06	0	0	0	0.728076	0.619161	0	0.108915		
1	1	1	69	207		293.15	0	0	0.0138	-0.00563164	-0.00563164	0	0	0	102.959	3.50833e-06	3.50833e-06	0	0	0	0.748537	0.636038	0	0.112499		
1	1	1	70	210		293.15	0	0	0.014	-0.00571412	-0.00571412	0	0	0	104.269	3.56472e-06	3.56472e-06	0	0	0	0.76926	0.653115	0	0.116144		
1	1	1	71	213		293.15	0	0	0.0142	-0.00579662	-0.00579662	0	0	0	105.576	3.62148e-06	3.62148e-06	0	0	0	0.790244	0.670394	0	0.11985		
1	1	1	72	216		293.15	0	0	0.0144	-0.00587913	-0.00587913	0	0	0	106.881	3.67861e-06	3.67861e-06	0	0	0	0.81149	0.687872	0	0.123618		
1	1	1	73	219		293.15	0	0	0.0146	-0.00596166	-0.00596166	0	0	0	108.182	3.73612e-06	3.73612e-06	0	0	0	0.832996	0.70555	0	0.127446		
1	1	1	74	222		293.15	0	0	0.0148	-0.00604421	-0.00604421	0	0	0	109.48	3.79399e-06	3.79399e-06	0	0	0	0.854762	0.723427	0	0.131335		
1	1	1	75	225		293.15	0	0	0.015	-0.00612677	-0.00612677	0	0	0	110.775	3.85222e-06	3.85222e-06	0	0	0	0.876788	0.741502	0	0.135286		
1	1	1	76	228		293.15	0	0	0.0152	-0.00620934	-0.00620934	0	0	0	112.068	3.9108e-06	3.9108e-06	0	0	0	0.899072	0.759775	0	0.139297		
1	1	1	77	231		293.15	0	0	0.0154	-0.00629194	-0.00629194	0	0	0	113.357	3.96974e-06	3.96974e-06	0	0	0	0.921615	0.778244	0	0.143371		
1	1	1	78	234		293.15	0	0	0.0156	-0.00637454	-0.00637454	0	0	0	114.644	4.02904e-06	4.02904e-06	0	0	0	0.944415	0.796909	0	0.147505		
1	1	1	79	237		293.15	0	0	0.0158	-0.00645717	-0.00645717	0	0	0	115.928	4.08868e-06	4.08868e-06	0	0	0	0.967472	0.815771	0	0.151701		
1	1	1	80	240		293.15	0	0	0.016	-0.0065398	-0.0065398	0	0	0	117.209	4.14866e-06	4.14866e-06	0	0	0	0.990785	0.834827	0	0.155959		
1	1	1	81	243		293.15	0	0	0.0162	-0.00662245	-0.00662245	0	0	0	118.488	4.20898e-06	4.20898e-06	0	0	0	1.01436	0.854077	0	0.160278		
1	1	1	82	246		293.15	0	0	0.0164	-0.00670512	-0.00670512	0	0	0	119.763	4.26965e-06	4.26965e-06	0	0	0	1.03818	0.873521	0	0.164659		
1	1	1	83	249		293.15	0	0	0.0166	-0.0067878	-0.0067878	0	0	0	121.036	4.33065e-06	4.33065e-06	0	0	0	1.06226	0.893159	0	0.169101		
1	1	1	84	252		293.15	0	0	0.0168	-0.0068705	-0.0068705	0	0	0	122.307	4.39198e-06	4.39198e-06	0	0	0	1.08659	0.912989	0	0.173606		
1	1	1	85	255		293.15	0	0	0.017	-0.00695321	-0.00695321	0	0	0	123.575	4.45363e-06	4.45363e-06	0	0	0	1.11118	0.933011	0	0.178172		
1	1	1	86	258		293.15	0	0	0.0172	-0.00703593	-0.00703593	0	0	0	124.84	4.51562e-06	4.51562e-06	0	0	0	1.13602	0.953225	0	0.1828		
1	1	1	87	261		293.15	0	0	0.0174	-0.00711867	-0.00711867	0	0	0	126.103	4.57793e-06	4.57793e-06	0	0	0	1.16112	0.973629	0	0.187489		
1	1	1	88	264		293.15	0	0	0.0176	-0.00720143	-0.00720143	0	0	0	127.363	4.64055e-06	4.64055e-06	0	0	0	1.18647	0.994224	0	0.192241		
1	1	1	89	267		293.15	0	0	0.0178	-0.00728419	-0.00728419	0	0	0	128.621	4.7035e-06	4.7035e-06	0	0	0	1.21206	1.01501	0	0.197055		
1	1	1	90	270		293.15	0	0	0.018	-0.00736697	-0.00736697	0	0	0	129.877	4.76676e-06	4.76676e-06	0	0	0	1.23791	1.03598	0	0.201931		
1	1	1	91	273		293.15	0	0	0.0182	-0.00744977	-0.00744977	0	0	0	131.129	4.83033e-06	4.83033e-06	0	0	0	1.26401	1.05715	0	0.206868		
1	1	1	92	276		293.15	0	0	0.0184	-0.00753257	-0.00753257	0	0	0	132.38	4.89422e-06	4.89422e-06	0	0	0	1.29036	1.0785	0	0.211868		
1	1	1	93	279		293.15	0	0	0.0186	-0.0076154	-0.0076154	0	0	0	133.628	4.95841e-06	4.95841e-06	0	0	0	1.31697	1.10004	0	0.216931		
1	1	1	94	282		293.15	0	0	0.0188	-0.00769823	-0.00769823	0	0	0	134.874	5.0229e-06	5.0229e-06	0	0	0	1.34382	1.12176	0	0.222055		
1	1	1	95	285		293.15	0	0	0.019	-0.00778108	-0.00778108	0	0	0	136.117	5.0877e-06	5.0877e-06	0	0	0	1.37092	1.14367	0	0.227242		
1	1	1	96	288		293.15	0	0	0.0192	-0.00786394	-0.00786394	0	0	0	137.358	5.1528e-06	5.1528e-06	0	0	0	1.39826	1.16577	0	0.232491		
1	1	1	97	291		293.15	0	0	0.0194	-0.00794681	-0.00794681	0	0	0	138.597	5.21819e-06	5.21819e-06	0	0	0	1.42586	1.18806	0	0.237802		
1	1	1	98	294		293.15	0	0	0.0196	-0.0080297	-0.0080297	0	0	0	139.833	5.28388e-06	5.28388e-06	0	0	0	1.4537	1.21053	0	0.243176		
1	1	1	99	297		293.15	0	0	0.0198	-0.0081126	-0.0081126	0	0	0	141.068	5.34987e-06	5.34987e-06	0	0	0	1.48179	1.23318	0	0.248612		
1	1	1	100	300		293.15	0	0	0.02	-0.00819551	-0.00819551	0	0	0	142.3	5.41614e-06	5.41614e-06	0	0	0	1.51013	1.25602	0	0.25411		
1	1	2	1	303		293.15	0	0	0.0199138	-0.00816382	-0.00816382	0	0	0	140.877	5.41268e-06	5.41268e-06	0	0	0	1.49792	1.23842	0	0.259499		
1	1	2	2	306		293.15	0	0	0.0198241	-0.00813058	-0.00813058	0	0	0	139.454	5.40506e-06	5.40506e-06	0	0	0	1.48535	1.22073	0	0.264621		
1	1	2	3	309		293.15	0	0	0.019731	-0.00809589	-0.00809589	0	0	0	138.031	5.39318e-06	5.39318e-06	0	0	0	1.47243	1.20294	0	0.269495		
1	1	2	4	312		293.15	0	0	0.0196347	-0.00805981	-0.00805981	0	0	0	136.608	5.37682e-06	5.37682e-06	0	0	0	1.45921	1.18507	0	0.274143		
1	1	2	5	315		293.15	0	0	0.0195354	-0.00802241	-0.00802241	0	0	0	135.185	5.35554e-06	5.35554e-06	0	0	0	1.44572	1.16714	0	0.278579		
1	1	2	6	318		293.15	0	0	0.0194333	-0.00798376	-0.00798376	0	0	0	133.762	5.3286e-06	5.3286e-06	0	0	0	1.43198	1.14916	0	0.282819		
1	1	2	7	321		293.15	0	0	0.0193284	-0.00794393	-0.00794393	0	0	0	132.339	5.29458e-06	5.29458e-06	0	0	0	1.41802	1.13115	0	0.286876		
1	1	2	8	324		293.15	0	0	0.0192209	-0.00790296	-0.00790296	0	0	0	130.916	5.25063e-06	5.25063e-06	0	0	0	1.40387	1.11311	0	0.290761		
1	1	2	9	327		293.15	0	0	0.0191109	-0.0078609	-0.0078609	0	0	0	129.493	5.1898e-06	5.1898e-06	0	0	0	1.38955	1.09507	0	0.294486		
1	1	2	10	330		293.15	0	0	0.0189985	-0.00781781	-0.00781781	0	0	0	128.07	5.08729e-06	5.08729e-06	0	0	0	1.37509	1.07703	0	0.298058		
1	1	2	11	333		293.15	0	0	0.0188839	-0.00777373	-0.00777373	0	0	0	126.647	4.70595e-06	4.70595e-06	0	0	0	1.36049	1.059	0	0.301487		
1	1	2	12	336		293.15	0	0	0.0187671	-0.00772871	-0.00772871	0	0	0	125.224	4.80922e-06	4.80922e-06	0	0	0	1.34578	1.041	0	0.304781		
1	1	2	13	339		293.15	0	0	0.0186482	-0.00768277	-0.00768277	0	0	0	123.801	4.83685e-06	4.83685e-06	0	0	0	1.33098	1.02303	0	0.307946		
1	1	2	14	342		293.15	0	0	0.0185274	-0.00763596	-0.00763596	0	0	0	122.378	4.8467e-06	4.8467e-06	0	0	0	1.3161	1.00511	0	0.310989		
1	1	2	15	345		293.15	0	0	0.0184046	-0.00758831	-0.00758831	0	0	0	120.955	4.84624e-06	4.84624e-06	0	0	0	1.30116	0.987242	0	0.313916		
1	1	2	16	348		293.15	0	0	0.0182799	-0.00753985	-0.00753985	0	0	0	119.532	4.83893e-06	4.83893e-06	0	0	0	1.28617	0.969437	0	0.316733		
1	1	2	17	351		293.15	0	0	0.0181535	-0.00749061	-0.00749061	0	0	0	118.109	4.82655e-06	4.82655e-06	0	0	0	1.27115	0.951703	0	0.319445		
1	1	2	18	354		293.15	0	0	0.0180253	-0.00744062	-0.00744062	0	0	0	116.686	4.81014e-06	4.81014e-06	0	0	0	1.2561	0.934047	0	0.322057		
1	1	2	19	357		293.15	0	0	0.0178955	-0.00738991	-0.00738991	0	0	0	115.263	4.79033e-06	4.79033e-06	0	0	0	1.24105	0.916478	0	0.324573		
1	1	2	20	360		293.15	0	0	0.0177641	-0.00733849	-0.00733849	0	0	0	113.84	4.76758e-06	4.76758e-06	0	0	0	1.226	0.899001	0	0.326998		
1	1	2	21	363		293.15	0	0	0.0176312	-0.0072864	-0.0072864	0	0	0	112.417	4.74219e-06	4.74219e-06	0	0	0	1.21096	0.881622	0	0.329336		
1	1	2	22	366		293.15	0	0	0.0174967	-0.00723365	-0.00723365	0	0	0	110.994	4.71437e-06	4.71437e-06	0	0	0	1.19594	0.864349	0	0.33159		
1	1	2	23	369		293.15	0	0	0.0173608	-0.00718026	-0.00718026	0	0	0	109.571	4.68427e-06	4.68427e-06	0	0	0	1.18095	0.847187	0	0.333765		
1	1	2	24	372		293.15	0	0	0.0172235	-0.00712625	-0.00712625	0	0	0	108.148	4.65198e-06	4.65198e-06	0	0	0	1.166	0.83014	0	0.335863		
1	1	2	25	375		293.15	0	0	0.0170848	-0.00707165	-0.00707165	0	0	0	106.725	4.61752e-06	4.61752e-06	0	0	0	1.1511	0.813215	0	0.337889		
1	1	2	26	378		293.15	0	0	0.0169448	-0.00701646	-0.00701646	0	0	0	105.302	4.58083e-06	4.58083e-06	0	0	0	1.13626	0.796415	0	0.339846		
1	1	2	27	381		293.15	0	0	0.0168035	-0.0069607	-0.0069607	0	0	0	103.879	4.54168e-06	4.54168e-06	0	0	0	1.12148	0.779746	0	0.341736		
1	1	2	28	384		293.15	0	0	0.016661	-0.00690439	-0.00690439	0	0	0	102.456	4.49948e-06	4.49948e-06	0	0	0	1.10677	0.763211	0	0.343562		
1	1	2	29	387		293.15	0	0	0.0165172	-0.00684753	-0.00684753	0	0	0	101.033	4.4525e-06	4.4525e-06	0	0	0	1.09214	0.746815	0	0.345328		
1	1	2	30	390		293.15	0	0	0.0163722	-0.00679016	-0.00679016	0	0	0	99.6098	3.93477e-06	3.93477e-06	0	0	0	1.0776	0.730562	0	0.347036		
1	1	2	31	393		293.15	0	0	0.016226	-0.00673227	-0.00673227	0	0	0	98.1868	3.91702e-06	3.91702e-06	0	0	0	1.06314	0.714454	0	0.348689		
1	1	2	32	396		293.15	0	0	0.0160787	-0.00667388	-0.00667388	0	0	0	96.7638	3.88306e-06	3.88306e-06	0	0	0	1.04879	0.698496	0	0.35029		
1	1	2	33	399		293.15	0	0	0.0159303	-0.00661499	-0.00661499	0	0	0	95.3408	3.8454e-06	3.84539e-06	0	0	0	1.03453	0.682691	0	0.35184		
1	1	2	34	402		293.15	0	0	0.0157808	-0.00655563	-0.00655563	0	0	0	93.9178	3.80536e-06	3.80536e-06	0	0	0	1.02038	0.667042	0	0.353342		
1	1	2	35	405		293.15	0	0	0.0156303	-0.0064958	-0.0064958	0	0	0	92.4948	3.76342e-06	3.76342e-06	0	0	0	1.00635	0.651552	0	0.354799		
1	1	2	36	408		293.15	0	0	0.0154786	-0.00643551	-0.00643551	0	0	0	91.0718	3.71989e-06	3.71989e-06	0	0	0	0.992435	0.636223	0	0.356212		
1	1	2	37	411		293.15	0	0	0.015326	-0.00637478	-0.00637478	0	0	0	89.6488	3.67496e-06	3.67496e-06	0	0	0	0.978644	0.621059	0	0.357584		
1	1	2	38	414		293.15	0	0	0.0151724	-0.0063136	-0.0063136	0	0	0	88.2258	3.62876e-06	3.62876e-06	0	0	0	0.96498	0.606063	0	0.358918		
1	1	2	39	417		293.15	0	0	0.0150178	-0.00625198	-0.00625198	0	0	0	86.8028	3.58138e-06	3.58138e-06	0	0	0	0.95145	0.591235	0	0.360215		
1	1	2	40	420		293.15	0	0	0.0148622	-0.00618995	-0.00618995	0	0	0	85.3798	3.5329e-06	3.5329e-06	0	0	0	0.938056	0.57658	0	0.361476		
1	1	2	41	423		293.15	0	0	0.0147057	-0.00612749	-0.00612749	0	0	0	83.9568	3.99554e-06	3.99554e-06	0	0	0	0.924804	0.5621	0	0.362705		
1	1	2	42	426		293.15	0	0	0.0145482	-0.00606463	-0.00606463	0	0	0	82.5338	4.34935e-06	4.34935e-06	0	0	0	0.911698	0.547795	0	0.363902		
1	1	2	43	429		293.15	0	0	0.0143899	-0.00600136	-0.00600136	0	0	0	81.1108	4.59954e-06	4.59954e-06	0	0	0	0.898741	0.53367	0	0.365071		
1	1	2	44	432		293.15	0	0	0.0142306	-0.0059377	-0.0059377	0	0	0	79.6878	4.75085e-06	4.75085e-06	0	0	0	0.885937	0.519726	0	0.366211		
1	1	2	45	435		293.15	0	0	0.0140705	-0.00587365	-0.00587365	0	0	0	78.2648	4.80762e-06	4.80762e-06	0	0	0	0.87329	0.505964	0	0.367327		
1	1	2	46	438		293.15	0	0	0.0139095	-0.00580922	-0.00580922	0	0	0	76.8418	4.77398e-06	4.77398e-06	0	0	0	0.860804	0.492387	0	0.368418		
1	1	2	47	441		293.15	0	0	0.0137477	-0.00574441	-0.00574441	0	0	0	75.4188	4.65392e-06	4.65392e-06	0	0	0	0.848483	0.478996	0	0.369486		
1	1	2	48	444		293.15	0	0	0.013585	-0.00567923	-0.00567923	0	0	0	73.9958	4.45137e-06	4.45137e-06	0	0	0	0.836328	0.465795	0	0.370534		
1	1	2	49	447		293.15	0	0	0.0134215	-0.00561369	-0.00561369	0	0	0	72.5728	4.17027e-06	4.17027e-06	0	0	0	0.824345	0.452783	0	0.371562		
1	1	2	50	450		293.15	0	0	0.0132571	-0.00554778	-0.00554778	0	0	0	71.1498	3.81471e-06	3.81471e-06	0	0	0	0.812536	0.439963	0	0.372573		
1	1	2	51	453		293.15	0	0	0.013092	-0.00548152	-0.00548152	0	0	0	69.7268	3.38897e-06	3.38897e-06	0	0	0	0.800905	0.427337	0	0.373568		
1	1	2	52	456		293.15	0	0	0.0129261	-0.00541491	-0.00541491	0	0	0	68.3038	2.8977e-06	2.8977e-06	0	0	0	0.789454	0.414906	0	0.374548		
1	1	2	53	459		293.15	0	0	0.0127594	-0.00534796	-0.00534796	0	0	0	66.8809	2.34608e-06	2.34608e-06	0	0	0	0.778186	0.402672	0	0.375514		
1	1	2	54	462		293.15	0	0	0.0125919	-0.00528067	-0.00528067	0	0	0	65.4579	1.74007e-06	1.74007e-06	0	0	0	0.767105	0.390636	0	0.376469		
1	1	2	55	465		293.15	0	0	0.0124237	-0.00521304	-0.00521304	0	0	0	64.0349	1.68053e-06	1.68053e-06	0	0	0	0.756214	0.378801	0	0.377413		
1	1	2	56	468		293.15	0	0	0.0122547	-0.00514508	-0.00514508	0	0	0	62.6119	1.62064e-06	1.62064e-06	0	0	0	0.745514	0.367166	0	0.378348		
1	1	2	57	471		293.15	0	0	0.012085	-0.0050768	-0.0050768	0	0	0	61.1889	1.5605e-06	1.5605e-06	0	0	0	0.735009	0.355734	0	0.379275		
1	1	2	58	474		293.15	0	0	0.0119146	-0.00500819	-0.00500819	0	0	0	59.7659	1.50027e-06	1.50027e-06	0	0	0	0.724701	0.344506	0	0.380195		
1	1	2	59	477		293.15	0	0	0.0117434	-0.00493926	-0.00493926	0	0	0	58.3429	1.44013e-06	1.44013e-06	0	0	0	0.714594	0.333484	0	0.38111		
1	1	2	60	480		293.15	0	0	0.0115716	-0.00487002	-0.00487002	0	0	0	56.9199	1.38042e-06	1.38042e-06	0	0	0	0.704689	0.322668	0	0.382021		
1	1	2	61	483		293.15	0	0	0.011399	-0.00480047	-0.00480047	0	0	0	55.4969	8.12532e-07	8.12532e-07	0	0	0	0.69499	0.312061	0	0.382929		
1	1	2	62	486		293.15	0	0	0.0112257	-0.00473061	-0.00473061	0	0	0	54.0739	4.6489e-07	4.6489e-07	0	0	0	0.685498	0.301662	0	0.383836		
1	1	2	63	489		293.15	0	0	0.0110518	-0.00466045	-0.00466045	0	0	0	52.6509	5.93465e-07	5.93465e-07	0	0	0	0.676216	0.291475	0	0.384741		
1	1	2	64	492		293.15	0	0	0.0108772	-0.00458999	-0.00458999	0	0	0	51.2279	5.48798e-07	5.48798e-07	0	0	0	0.667147	0.281499	0	0.385648		
1	1	2	65	495		293.15	0	0	0.0107019	-0.00451923	-0.00451923	0	0	0	49.8049	4.63342e-07	4.63342e-07	0	0	0	0.658292	0.271736	0	0.386556		
1	1	2	66	498		293.15	0	0	0.010526	-0.00444818	-0.00444818	0	0	0	48.3819	3.74049e-07	3.74049e-07	0	0	0	0.649655	0.262188	0	0.387467		
1	1	2	67	501		293.15	0	0	0.0103494	-0.00437684	-0.00437684	0	0	0	46.9589	2.912e-07	2.912e-07	0	0	0	0.641236	0.252855	0	0.388382		
1	1	2	68	504		293.15	0	0	0.0101721	-0.00430521	-0.00430521	0	0	0	45.5359	2.11502e-07	2.11502e-07	0	0	0	0.633039	0.243738	0	0.389301		
1	1	2	69	507		293.15	0	0	0.00999425	-0.0042333	-0.0042333	0	0	0	44.1129	1.33354e-07	1.33354e-07	0	0	0	0.625066	0.234839	0	0.390227		
1	1	2	70	510		293.15	0	0	0.00981573	-0.00416111	-0.00416111	0	0	0	42.6899	5.6009e-08	5.60089e-08	0	0	0	0.617318	0.226158	0	0.39116		
1	1	2	71	513		293.15	0	0	0.0096366	-0.00408864	-0.00408864	0	0	0	41.2669	-2.09337e-08	-2.09337e-08	0	0	0	0.609798	0.217697	0	0.392101		
1	1	2	72	516		293.15	0	0	0.00945684	-0.00401589	-0.00401589	0	0	0	39.8439	-9.77077e-08	-9.77077e-08	0	0	0	0.602508	0.209457	0	0.393051		
1	1	2	73	519		293.15	0	0	0.00927647	-0.00394287	-0.00394287	0	0	0	38.4209	-1.74459e-07	-1.74459e-07	0	0	0	0.59545	0.201439	0	0.394011		
1	1	2	74	522		293.15	0	0	0.0090955	-0.00386959	-0.00386959	0	0	0	36.9979	-2.51282e-07	-2.51282e-07	0	0	0	0.588626	0.193643	0	0.394982		
1	1	2	75	525		293.15	0	0	0.00891392	-0.00379603	-0.00379603	0	0	0	35.5749	-3.28242e-07	-3.28242e-07	0	0	0	0.582037	0.186071	0	0.395966		
1	1	2	76	528		293.15	0	0	0.00873176	-0.00372222	-0.00372222	0	0	0	34.1519	-4.05381e-07	-4.05381e-07	0	0	0	0.575686	0.178724	0	0.396962		
1	1	2	77	531		293.15	0	0	0.008549	-0.00364814	-0.00364814	0	0	0	32.7289	-4.82726e-07	-4.82726e-07	0	0	0	0.569575	0.171603	0	0.397971		
1	1	2	78	534		293.15	0	0	0.00836566	-0.0035738	-0.0035738	0	0	0	31.3059	-5.60297e-07	-5.60297e-07	0	0	0	0.563704	0.164709	0	0.398996		
1	1	2	79	537		293.15	0	0	0.00818175	-0.0034992	-0.0034992	0	0	0	29.8829	-6.38102e-07	-6.38102e-07	0	0	0	0.558078	0.158041	0	0.400036		
1	1	2	80	540		293.15	0	0	0.00799726	-0.00342435	-0.00342435	0	0	0	28.4599	-7.16145e-07	-7.16145e-07	0	0	0	0.552696	0.151603	0	0.401093		
1	1	2	81	543		293.15	0	0	0.00781221	-0.00334925	-0.00334925	0	0	0	27.0369	-7.94422e-07	-7.94422e-07	0	0	0	0.547561	0.145394	0	0.402167		
1	1	2	82	546		293.15	0	0	0.00762659	-0.0032739	-0.0032739	0	0	0	25.6139	-8.72923e-07	-8.72923e-07	0	0	0	0.542675	0.139415	0	0.40326		
1	1	2	83	549		293.15	0	0	0.00744042	-0.0031983	-0.0031983	0	0	0	24.1909	-9.51634e-07	-9.51634e-07	0	0	0	0.538039	0.133667	0	0.404372		
1	1	2	84	552		293.15	0	0	0.0072537	-0.00312246	-0.00312246	0	0	0	22.7679	-1.03053e-06	-1.03053e-06	0	0	0	0.533654	0.128151	0	0.405503		
1	1	2	85	555		293.15	0	0	0.00706643	-0.00304637	-0.00304637	0	0	0	21.345	-1.10959e-06	-1.10959e-06	0	0	0	0.529524	0.122868	0	0.406656		
1	1	2	86	558		293.15	0	0	0.00687862	-0.00297004	-0.00297004	0	0	0	19.922	-1.18875e-06	-1.18875e-06	0	0	0	0.525649	0.117819	0	0.40783		
1	1	2	87	561		293.15	0	0	0.00669028	-0.00289347	-0.00289347	0	0	0	18.499	-1.26797e-06	-1.26797e-06	0	0	0	0.522031	0.113004	0	0.409026		
1	1	2	88	564		293.15	0	0	0.0065014	-0.00281667	-0.00281667	0	0	0	17.076	-1.34716e-06	-1.34716e-06	0	0	0	0.518671	0.108425	0	0.410246		
1	1	2	89	567		293.15	0	0	0.006312	-0.00273963	-0.00273963	0	0	0	15.653	-1.4262e-06	-1.4262e-06	0	0	0	0.515571	0.104081	0	0.41149		
1	1	2	90	570		293.15	0	0	0.00612207	-0.00266235	-0.00266235	0	0	0	14.23	-1.5049e-06	-1.5049e-06	0	0	0	0.512734	0.0999747	0	0.412759		
1	1	2	91	573		293.15	0	0	0.00593162	-0.00258485	-0.00258485	0	0	0	12.807	-1.58296e-06	-1.58296e-06	0	0	0	0.510159	0.0961058	0	0.414053		
1	1	2	92	576		293.15	0	0	0.00574066	-0.00250711	-0.00250711	0	0	0	11.384	-1.65982e-06	-1.65982e-06	0	0	0	0.507849	0.0924753	0	0.415374		
1	1	2	93	579		293.15	0	0	0.00554919	-0.00242915	-0.00242915	0	0	0	9.96098	-1.73442e-06	-1.73442e-06	0	0	0	0.505806	0.089084	0	0.416722		
1	1	2	94	582		293.15	0	0	0.00535722	-0.00235096	-0.00235096	0	0	0	8.53798	-1.80468e-06	-1.80468e-06	0	0	0	0.50403	0.0859326	0	0.418098		
1	1	2	95	585		293.15	0	0	0.00516474	-0.00227255	-0.00227255	0	0	0	7.11498	-1.87882e-06	-1.87882e-06	0	0	0	0.502524	0.0830218	0	0.419502		
1	1	2	96	588		293.15	0	0	0.00497176	-0.00219392	-0.00219392	0	0	0	5.69199	-1.97938e-06	-1.97938e-06	0	0	0	0.501288	0.0803523	0	0.420936		
1	1	2	97	591		293.15	0	0	0.00477829	-0.00211506	-0.00211506	0	0	0	4.26899	-2.07661e-06	-2.07661e-06	0	0	0	0.500325	0.0779249	0	0.4224		
1	1	2	98	594		293.15	0	0	0.00458433	-0.00203599	-0.00203599	0	0	0	2.84599	-2.17063e-06	-2.17063e-06	0	0	0	0.499634	0.0757403	0	0.423894		
1	1	2	99	597		293.15	0	0	0.00438988	-0.0019567	-0.0019567	0	0	0	1.42299	-2.26294e-06	-2.26294e-06	0	0	0	0.499219	0.0737992	0	0.42542		
1	1	2	100	600		293.15	0	0	0.00419495	-0.00187719	-0.00187719	0	0	0	-2.37446e-06	-2.35429e-06	-2.35429e-06	0	0	0	0.499081	0.0721022	0	0.426979		
1	1	3	1	603		293.15	0	0	0.004453	-0.00197908	-0.00197908	0	0	0	2.78026	-2.36603e-06	-2.36603e-06	0	0	0	0.499439	0.071037	0	0.428402		
1	1	3	2	606		293.15	0	0	0.00471105	-0.00208116	-0.00208116	0	0	0	5.50942	-2.37306e-06	-2.37306e-06	0	0	0	0.500509	0.0709451	0	0.429564		
1	1	3	3	609		293.15	0	0	0.0049691	-0.00218342	-0.00218342	0	0	0	8.19088	-2.37521e-06	-2.37521e-06	0	0	0	0.502277	0.0717654	0	0.430511		
1	1	3	4	612		293.15	0	0	0.00522715	-0.00228585	-0.00228585	0	0	0	10.8277	-2.37089e-06	-2.37089e-06	0	0	0	0.504731	0.0734457	0	0.431285		
1	1	3	5	615		293.15	0	0	0.0054852	-0.00238844	-0.00238844	0	0	0	13.4228	-2.36559e-06	-2.36559e-06	0	0	0	0.50786	0.0759405	0	0.431919		
1	1	3	6	618		293.15	0	0	0.00574325	-0.00249118	-0.00249118	0	0	0	15.9788	-2.36112e-06	-2.36112e-06	0	0	0	0.511653	0.0792106	0	0.432442		
1	1	3	7	621		293.15	0	0	0.0060013	-0.00259406	-0.00259406	0	0	0	18.4981	-2.86277e-06	-2.86277e-06	0	0	0	0.516102	0.0832218	0	0.43288		
1	1	3	8	624		293.15	0	0	0.00625935	-0.00269707	-0.00269707	0	0	0	20.9828	-2.84686e-06	-2.84686e-06	0	0	0	0.521196	0.087944	0	0.433252		
1	1	3	9	627		293.15	0	0	0.0065174	-0.00280021	-0.00280021	0	0	0	23.4351	-3.369e-06	-3.369e-06	0	0	0	0.526927	0.0933508	0	0.433576		
1	1	3	10	630		293.15	0	0	0.00677545	-0.00290346	-0.00290346	0	0	0	25.8568	-3.58334e-06	-3.58334e-06	0	0	0	0.533286	0.0994187	0	0.433868		
1	1	3	11	633		293.15	0	0	0.0070335	-0.00300683	-0.00300683	0	0	0	28.2496	-3.50083e-06	-3.50083e-06	0	0	0	0.540268	0.106127	0	0.434141		
1	1	3	12	636		293.15	0	0	0.00729155	-0.00311031	-0.00311031	0	0	0	30.6151	-3.1352e-06	-3.1352e-06	0	0	0	0.547863	0.113457	0	0.434406		
1	1	3	13	639		293.15	0	0	0.0075496	-0.00321389	-0.00321389	0	0	0	32.9549	-2.50086e-06	-2.50086e-06	0	0	0	0.556065	0.121391	0	0.434674		
1	1	3	14	642		293.15	0	0	0.00780766	-0.00331757	-0.00331757	0	0	0	35.2703	-2.46956e-06	-2.46956e-06	0	0	0	0.564867	0.129915	0	0.434952		
1	1	3	15	645		293.15	0	0	0.00806571	-0.00342133	-0.00342133	0	0	0	37.5624	-2.43624e-06	-2.43624e-06	0	0	0	0.574265	0.139015	0	0.43525		
1	1	3	16	648		293.15	0	0	0.00832376	-0.00352519	-0.00352519	0	0	0	39.8326	-2.40136e-06	-2.40136e-06	0	0	0	0.584251	0.148678	0	0.435572		
1	1	3	17	651		293.15	0	0	0.00858181	-0.00362913	-0.00362913	0	0	0	42.0818	-2.35626e-06	-2.35626e-06	0	0	0	0.59482	0.158893	0	0.435927		
1	1	3	18	654		293.15	0	0	0.00883986	-0.00373315	-0.00373315	0	0	0	44.3111	-2.31547e-06	-2.31547e-06	0	0	0	0.605967	0.169648	0	0.436318		
1	1	3	19	657		293.15	0	0	0.00909791	-0.00383725	-0.00383725	0	0	0	46.5214	-2.27279e-06	-2.27279e-06	0	0	0	0.617686	0.180934	0	0.436752		
1	1	3	20	660		293.15	0	0	0.00935596	-0.00394143	-0.00394143	0	0	0	48.7135	-2.23213e-06	-2.23213e-06	0	0	0	0.629974	0.192742	0	0.437232		
1	1	3	21	663		293.15	0	0	0.00961401	-0.00404567	-0.00404567	0	0	0	50.8883	-2.18953e-06	-2.18953e-06	0	0	0	0.642825	0.205063	0	0.437762		
1	1	3	22	666		293.15	0	0	0.00987206	-0.00414999	-0.00414999	0	0	0	53.0465	-2.1434e-06	-2.1434e-06	0	0	0	0.656235	0.217889	0	0.438346		
1	1	3	23	669		293.15	0	0	0.0101301	-0.00425437	-0.00425437	0	0	0	55.1888	-2.09538e-06	-2.09538e-06	0	0	0	0.6702	0.231212	0	0.438988		
1	1	3	24	672		293.15	0	0	0.0103882	-0.00435882	-0.00435882	0	0	0	57.3158	-2.04572e-06	-2.04572e-06	0	0	0	0.684716	0.245026	0	0.43969		
1	1	3	25	675		293.15	0	0	0.0106462	-0.00446333	-0.00446333	0	0	0	59.4281	-1.99451e-06	-1.99451e-06	0	0	0	0.699779	0.259323	0	0.440456		
1	1	3	26	678		293.15	0	0	0.0109043	-0.00456789	-0.00456789	0	0	0	61.5264	-1.94185e-06	-1.94185e-06	0	0	0	0.715385	0.274097	0	0.441288		
1	1	3	27	681		293.15	0	0	0.0111623	-0.00467252	-0.00467252	0	0	0	63.611	-1.88778e-06	-1.88778e-06	0	0	0	0.731531	0.289342	0	0.442189		
1	1	3	28	684		293.15	0	0	0.0114204	-0.0047772	-0.0047772	0	0	0	65.6826	-1.83235e-06	-1.83235e-06	0	0	0	0.748213	0.305053	0	0.44316		
1	1	3	29	687		293.15	0	0	0.0116784	-0.00488194	-0.00488194	0	0	0	67.7415	-1.77562e-06	-1.77562e-06	0	0	0	0.765429	0.321223	0	0.444205		
1	1	3	30	690		293.15	0	0	0.0119365	-0.00498673	-0.00498673	0	0	0	69.7882	-1.71761e-06	-1.71761e-06	0	0	0	0.783173	0.337848	0	0.445325		
1	1	3	31	693		293.15	0	0	0.0121945	-0.00509157	-0.00509157	0	0	0	71.8232	-1.65838e-06	-1.65838e-06	0	0	0	0.801445	0.354923	0	0.446522		
1	1	3	32	696		293.15	0	0	0.0124526	-0.00519646	-0.00519646	0	0	0	73.8467	-1.59795e-06	-1.59795e-06	0	0	0	0.82024	0.372442	0	0.447798		
1	1	3	33	699		293.15	0	0	0.0127106	-0.0053014	-0.0053014	0	0	0	75.8592	-1.53636e-06	-1.53636e-06	0	0	0	0.839556	0.390402	0	0.449154		
1	1	3	34	702		293.15	0	0	0.0129687	-0.00540639	-0.00540639	0	0	0	77.861	-1.47365e-06	-1.47365e-06	0	0	0	0.85939	0.408797	0	0.450592		
1	1	3	35	705		293.15	0	0	0.0132267	-0.00551142	-0.00551142	0	0	0	79.8524	-1.40983e-06	-1.40983e-06	0	0	0	0.879739	0.427624	0	0.452114		
1	1	3	36	708		293.15	0	0	0.0134848	-0.0056165	-0.0056165	0	0	0	81.8337	-1.34495e-06	-1.34495e-06	0	0	0	0.9006	0.446879	0	0.453721		
1	1	3	37	711		293.15	0	0	0.0137428	-0.00572162	-0.00572162	0	0	0	83.8053	-1.27901e-06	-1.27901e-06	0	0	0	0.921972	0.466557	0	0.455415		
1	1	3	38	714		293.15	0	0	0.0140009	-0.00582679	-0.00582679	0	0	0	85.7673	-1.21206e-06	-1.21206e-06	0	0	0	0.943851	0.486655	0	0.457196		
1	1	3	39	717		293.15	0	0	0.0142589	-0.005932	-0.005932	0	0	0	87.72	-1.14412e-06	-1.14412e-06	0	0	0	0.966235	0.50717	0	0.459065		
1	1	3	40	720		293.15	0	0	0.014517	-0.00603725	-0.00603725	0	0	0	89.6637	-1.0752e-06	-1.0752e-06	0	0	0	0.989122	0.528097	0	0.461025		
1	1	3	41	723		293.15	0	0	0.014775	-0.00614254	-0.00614254	0	0	0	91.5986	-1.00533e-06	-1.00533e-06	0	0	0	1.01251	0.549434	0	0.463076		
1	1	3	42	726		293.15	0	0	0.0150331	-0.00624787	-0.00624787	0	0	0	93.5249	-9.34525e-07	-9.34525e-07	0	0	0	1.0364	0.571177	0	0.465219		
1	1	3	43	729		293.15	0	0	0.0152911	-0.00635324	-0.00635324	0	0	0	95.4428	-8.62813e-07	-8.62813e-07	0	0	0	1.06078	0.593322	0	0.467454		
1	1	3	44	732		293.15	0	0	0.0155492	-0.00645864	-0.00645864	0	0	0	97.3526	-7.90207e-07	-7.90207e-07	0	0	0	1.08565	0.615868	0	0.469784		
1	1	3	45	735		293.15	0	0	0.0158072	-0.00656409	-0.00656409	0	0	0	99.2544	-7.16727e-07	-7.16727e-07	0	0	0	1.11102	0.638811	0	0.472208		
1	1	3	46	738		293.15	0	0	0.0160653	-0.00666957	-0.00666957	0	0	0	101.148	-6.4239e-07	-6.4239e-07	0	0	0	1.13688	0.662149	0	0.474728		
1	1	3	47	741		293.15	0	0	0.0163233	-0.00677508	-0.00677508	0	0	0	103.035	-5.67212e-07	-5.67212e-07	0	0	0	1.16322	0.685878	0	0.477344		
1	1	3	48	744		293.15	0	0	0.0165814	-0.00688063	-0.00688063	0	0	0	104.914	-4.91208e-07	-4.91208e-07	0	0	0	1.19005	0.709995	0	0.480057		
1	1	3	49	747		293.15	0	0	0.0168394	-0.00698622	-0.00698622	0	0	0	106.785	-4.14395e-07	-4.14395e-07	0	0	0	1.21737	0.734499	0	0.482868		
1	1	3	50	750		293.15	0	0	0.0170975	-0.00709184	-0.00709184	0	0	0	108.65	-3.36786e-07	-3.36786e-07	0	0	0	1.24516	0.759386	0	0.485777		
1	1	3	51	753		293.15	0	0	0.0173555	-0.00719749	-0.00719749	0	0	0	110.508	-2.58396e-07	-2.58396e-07	0	0	0	1.27344	0.784655	0	0.488785		
1	1	3	52	756		293.15	0	0	0.0176136	-0.00730317	-0.00730317	0	0	0	112.358	-1.79237e-07	-1.79237e-07	0	0	0	1.3022	0.810303	0	0.491892		
1	1	3	53	759		293.15	0	0	0.0178716	-0.00740889	-0.00740889	0	0	0	114.202	-9.93241e-08	-9.9324e-08	0	0	0	1.33143	0.836327	0	0.4951		
1	1	3	54	762		293.15	0	0	0.0181297	-0.00751464	-0.00751464	0	0	0	116.04	-1.86684e-08	-1.86684e-08	0	0	0	1.36113	0.862726	0	0.498408		
1	1	3	55	765		293.15	0	0	0.0183877	-0.00762042	-0.00762042	0	0	0	117.87	6.27176e-08	6.27176e-08	0	0	0	1.39131	0.889497	0	0.501818		
1	1	3	56	768		293.15	0	0	0.0186458	-0.00772623	-0.00772623	0	0	0	119.695	1.44822e-07	1.44822e-07	0	0	0	1.42197	0.916638	0	0.505329		
1	1	3	57	771		293.15	0	0	0.0189038	-0.00783208	-0.00783208	0	0	0	121.513	2.27634e-07	2.27634e-07	0	0	0	1.45309	0.944147	0	0.508942		
1	1	3	58	774		293.15	0	0	0.0191619	-0.00793795	-0.00793795	0	0	0	123.326	3.11142e-07	3.11142e-07	0	0	0	1.48468	0.972022	0	0.512657		
1	1	3	59	777		293.15	0	0	0.0194199	-0.00804385	-0.00804385	0	0	0	125.132	3.95336e-07	3.95336e-07	0	0	0	1.51674	1.00026	0	0.516476		
1	1	3	60	780		293.15	0	0	0.019678	-0.00814978	-0.00814978	0	0	0	126.932	4.80206e-07	4.80206e-07	0	0	0	1.54926	1.02886	0	0.520398		
1	1	3	61	783		293.15	0	0	0.019936	-0.00825574	-0.00825574	0	0	0	128.727	5.65741e-07	5.65741e-07	0	0	0	1.58225	1.05782	0	0.524423		
1	1	3	62	786		293.15	0	0	0.0201941	-0.00836172	-0.00836172	0	0	0	130.516	6.51932e-07	6.51932e-07	0	0	0	1.61569	1.08714	0	0.528552		
1	1	3	63	789		293.15	0	0	0.0204521	-0.00846774	-0.00846774	0	0	0	132.299	7.3877e-07	7.3877e-07	0	0	0	1.6496	1.11682	0	0.532786		
1	1	3	64	792		293.15	0	0	0.0207102	-0.00857378	-0.00857378	0	0	0	134.077	8.26245e-07	8.26245e-07	0	0	0	1.68397	1.14685	0	0.537124		
1	1	3	65	795		293.15	0	0	0.0209682	-0.00867985	-0.00867985	0	0	0	135.849	9.14349e-07	9.1435e-07	0	0	0	1.7188	1.17723	0	0.541567		
1	1	3	66	798		293.15	0	0	0.0212263	-0.00878595	-0.00878595	0	0	0	137.617	1.00307e-06	1.00307e-06	0	0	0	1.75408	1.20797	0	0.546116		
1	1	3	67	801		293.15	0	0	0.0214843	-0.00889207	-0.00889207	0	0	0	139.378	1.09241e-06	1.09241e-06	0	0	0	1.78982	1.23905	0	0.550769		
1	1	3	68	804		293.15	0	0	0.0217424	-0.00899822	-0.00899822	0	0	0	141.135	1.18235e-06	1.18235e-06	0	0	0	1.82602	1.27049	0	0.555529		
1	1	3	69	807		293.15	0	0	0.0220004	-0.00910439	-0.00910439	0	0	0	142.887	1.27289e-06	1.27289e-06	0	0	0	1.86266	1.30227	0	0.560395		
1	1	3	70	810		293.15	0	0	0.0222585	-0.00921059	-0.00921059	0	0	0	144.633	1.36401e-06	1.36401e-06	0	0	0	1.89976	1.33439	0	0.565366		
1	1	3	71	813		293.15	0	0	0.0225165	-0.00931682	-0.00931682	0	0	0	146.375	1.45572e-06	1.45572e-06	0	0	0	1.93731	1.36686	0	0.570445		
1	1	3	72	816		293.15	0	0	0.0227746	-0.00942307	-0.00942307	0	0	0	148.112	1.54799e-06	1.54799e-06	0	0	0	1.9753	1.39968	0	0.575629		
1	1	3	73	819		293.15	0	0	0.0230326	-0.00952934	-0.00952934	0	0	0	149.844	1.64084e-06	1.64084e-06	0	0	0	2.01375	1.43283	0	0.580921		
1	1	3	74	822		293.15	0	0	0.0232907	-0.00963564	-0.00963564	0	0	0	151.571	1.73424e-06	1.73424e-06	0	0	0	2.05264	1.46632	0	0.58632		
1	1	3	75	825		293.15	0	0	0.0235487	-0.00974196	-0.00974196	0	0	0	153.294	1.8282e-06	1.8282e-06	0	0	0	2.09197	1.50015	0	0.591826		
1	1	3	76	828		293.15	0	0	0.0238068	-0.00984831	-0.00984831	0	0	0	155.012	1.92271e-06	1.92271e-06	0	0	0	2.13175	1.53431	0	0.597439		
1	1	3	77	831		293.15	0	0	0.0240648	-0.00995468	-0.00995468	0	0	0	156.726	2.01775e-06	2.01775e-06	0	0	0	2.17198	1.56881	0	0.60316		
1	1	3	78	834		293.15	0	0	0.0243229	-0.0100611	-0.0100611	0	0	0	158.435	2.11333e-06	2.11333e-06	0	0	0	2.21264	1.60365	0	0.608989		
1	1	3	79	837		293.15	0	0	0.0245809	-0.0101675	-0.0101675	0	0	0	160.14	2.20943e-06	2.20943e-06	0	0	0	2.25374	1.63882	0	0.614926		
1	1	3	80	840		293.15	0	0	0.024839	-0.0102739	-0.0102739	0	0	0	161.84	2.30606e-06	2.30606e-06	0	0	0	2.29529	1.67432	0	0.62097		
1	1	3	81	843		293.15	0	0	0.025097	-0.0103804	-0.0103804	0	0	0	163.536	2.4032e-06	2.4032e-06	0	0	0	2.33727	1.71015	0	0.627123		
1	1	3	82	846		293.15	0	0	0.0253551	-0.0104869	-0.0104869	0	0	0	165.228	2.50085e-06	2.50085e-06	0	0	0	2.37969	1.7463	0	0.633384		
1	1	3	83	849		293.15	0	0	0.0256131	-0.0105934	-0.0105934	0	0	0	166.916	2.59901e-06	2.59901e-06	0	0	0	2.42254	1.78279	0	0.639754		
1	1	3	84	852		293.15	0	0	0.0258712	-0.0106999	-0.0106999	0	0	0	168.6	2.69767e-06	2.69767e-06	0	0	0	2.46583	1.8196	0	0.646232		
1	1	3	85	855		293.15	0	0	0.0261292	-0.0108064	-0.0108064	0	0	0	170.279	2.79682e-06	2.79682e-06	0	0	0	2.50956	1.85674	0	0.652819		
1	1	3	86	858		293.15	0	0	0.0263873	-0.010913	-0.010913	0	0	0	171.955	2.89646e-06	2.89646e-06	0	0	0	2.55371	1.8942	0	0.659515		
1	1	3	87	861		293.15	0	0	0.0266453	-0.0110196	-0.0110196	0	0	0	173.627	2.99658e-06	2.99658e-06	0	0	0	2.5983	1.93198	0	0.66632		
1	1	3	88	864		293.15	0	0	0.0269034	-0.0111262	-0.0111262	0	0	0	175.295	3.09718e-06	3.09718e-06	0	0	0	2.64332	1.97009	0	0.673234		
1	1	3	89	867		293.15	0	0	0.0271614	-0.0112328	-0.0112328	0	0	0	176.959	3.19825e-06	3.19825e-06	0	0	0	2.68877	2.00851	0	0.680257		
1	1	3	90	870		293.15	0	0	0.0274195	-0.0113395	-0.0113395	0	0	0	178.619	3.2998e-06	3.2998e-06	0	0	0	2.73465	2.04726	0	0.687389		
1	1	3	91	873		293.15	0	0	0.0276775	-0.0114462	-0.0114462	0	0	0	180.275	3.40181e-06	3.40181e-06	0	0	0	2.78096	2.08633	0	0.694631		
1	1	3	92	876		293.15	0	0	0.0279356	-0.0115529	-0.0115529	0	0	0	181.928	3.50427e-06	3.50427e-06	0	0	0	2.82769	2.12571	0	0.701982		
1	1	3	93	879		293.15	0	0	0.0281936	-0.0116596	-0.0116596	0	0	0	183.577	3.6072e-06	3.6072e-06	0	0	0	2.87485	2.16541	0	0.709443		
1	1	3	94	882		293.15	0	0	0.0284517	-0.0117663	-0.0117663	0	0	0	185.222	3.71057e-06	3.71057e-06	0	0	0	2.92243	2.20542	0	0.717013		
1	1	3	95	885		293.15	0	0	0.0287097	-0.0118731	-0.0118731	0	0	0	186.864	3.81439e-06	3.81439e-06	0	0	0	2.97044	2.24575	0	0.724693		
1	1	3	96	888		293.15	0	0	0.0289678	-0.0119798	-0.0119798	0	0	0	188.502	3.91865e-06	3.91865e-06	0	0	0	3.01887	2.28639	0	0.732483		
1	1	3	97	891		293.15	0	0	0.0292258	-0.0120866	-0.0120866	0	0	0	190.137	4.02335e-06	4.02335e-06	0	0	0	3.06773	2.32734	0	0.740382		
1	1	3	98	894		293.15	0	0	0.0294839	-0.0121934	-0.0121934	0	0	0	191.768	4.12849e-06	4.12849e-06	0	0	0	3.117	2.36861	0	0.748392		
1	1	3	99	897		293.15	0	0	0.0297419	-0.0123003	-0.0123003	0	0	0	193.395	4.23405e-06	4.23405e-06	0	0	0	3.1667	2.41019	0	0.756512		
1	1	3	100	900		293.15	0	0	0.03	-0.0124071	-0.0124071	0	0	0	195.02	4.34004e-06	4.34005e-06	0	0	0	3.21681	2.45207	0	0.764741		
1	1	4	1	903		293.15	0	0	0.0298728	-0.0123597	-0.0123597	0	0	0	193.07	4.36052e-06	4.36052e-06	0	0	0	3.19213	2.41933	0	0.772795		
1	1	4	2	906		293.15	0	0	0.0297408	-0.0123102	-0.0123102	0	0	0	191.119	4.37561e-06	4.37561e-06	0	0	0	3.16678	2.38637	0	0.780413		
1	1	4	3	909		293.15	0	0	0.0296044	-0.0122587	-0.0122587	0	0	0	189.169	4.38517e-06	4.38517e-06	0	0	0	3.14084	2.35321	0	0.787631		
1	1	4	4	912		293.15	0	0	0.0294637	-0.0122054	-0.0122054	0	0	0	187.219	4.38889e-06	4.38889e-06	0	0	0	3.11436	2.31988	0	0.794483		
1	1	4	5	915		293.15	0	0	0.029319	-0.0121504	-0.0121504	0	0	0	185.269	4.38614e-06	4.38614e-06	0	0	0	3.08741	2.28641	0	0.800999		
1	1	4	6	918		293.15	0	0	0.0291705	-0.0120937	-0.0120937	0	0	0	183.319	4.37576e-06	4.37576e-06	0	0	0	3.06004	2.25284	0	0.807203		
1	1	4	7	921		293.15	0	0	0.0290183	-0.0120354	-0.0120354	0	0	0	181.368	4.35538e-06	4.35538e-06	0	0	0	3.03229	2.21918	0	0.813119		
1	1	4	8	924		293.15	0	0	0.0288627	-0.0119756	-0.0119756	0	0	0	179.418	4.31959e-06	4.31959e-06	0	0	0	3.00422	2.18545	0	0.818766		
1	1	4	9	927		293.15	0	0	0.0287038	-0.0119143	-0.0119143	0	0	0	177.468	4.25159e-06	4.25159e-06	0	0	0	2.97586	2.1517	0	0.824162		
1	1	4	10	930		293.15	0	0	0.0285417	-0.0118517	-0.0118517	0	0	0	175.518	4.03413e-06	4.03413e-06	0	0	0	2.94725	2.11792	0	0.829324		
1	1	4	11	933		293.15	0	0	0.0283765	-0.0117878	-0.0117878	0	0	0	173.568	4.21735e-06	4.21735e-06	0	0	0	2.91843	2.08416	0	0.834266		
1	1	4	12	936		293.15	0	0	0.0282085	-0.0117225	-0.0117225	0	0	0	171.617	4.27223e-06	4.27223e-06	0	0	0	2.88943	2.05043	0	0.839001		
1	1	4	13	939		293.15	0	0	0.0280378	-0.0116561	-0.0116561	0	0	0	169.667	4.3054e-06	4.3054e-06	0	0	0	2.86029	2.01675	0	0.843541		
1	1	4	14	942		293.15	0	0	0.0278643	-0.0115886	-0.0115886	0	0	0	167.717	4.32557e-06	4.32557e-06	0	0	0	2.83103	1.98314	0	0.847897		
1	1	4	15	945		293.15	0	0	0.0276883	-0.0115199	-0.0115199	0	0	0	165.767	4.33727e-06	4.33727e-06	0	0	0	2.80169	1.94961	0	0.85208		
1	1	4	16	948		293.15	0	0	0.0275099	-0.0114501	-0.0114501	0	0	0	163.817	4.34277e-06	4.34277e-06	0	0	0	2.77229	1.91619	0	0.856099		
1	1	4	17	951		293.15	0	0	0.0273291	-0.0113793	-0.0113793	0	0	0	161.866	4.34332e-06	4.34332e-06	0	0	0	2.74284	1.88288	0	0.859963		
1	1	4	18	954		293.15	0	0	0.027146	-0.0113075	-0.0113075	0	0	0	159.916	4.33973e-06	4.33973e-06	0	0	0	2.71339	1.84971	0	0.863679		
1	1	4	19	957		293.15	0	0	0.0269607	-0.0112347	-0.0112347	0	0	0	157.966	4.33251e-06	4.33251e-06	0	0	0	2.68394	1.81668	0	0.867256		
1	1	4	20	960		293.15	0	0	0.0267734	-0.0111611	-0.0111611	0	0	0	156.016	4.32204e-06	4.32204e-06	0	0	0	2.65452	1.78382	0	0.8707		
1	1	4	21	963		293.15	0	0	0.0265839	-0.0110865	-0.0110865	0	0	0	154.066	4.30857e-06	4.30857e-06	0	0	0	2.62515	1.75113	0	0.874019		
1	1	4	22	966		293.15	0	0	0.0263925	-0.011011	-0.011011	0	0	0	152.115	4.29226e-06	4.29226e-06	0	0	0	2.59584	1.71862	0	0.877218		
1	1	4	23	969		293.15	0	0	0.0261991	-0.0109347	-0.0109347	0	0	0	150.165	4.27321e-06	4.27321e-06	0	0	0	2.56661	1.68631	0	0.880305		
1	1	4	24	972		293.15	0	0	0.0260039	-0.0108576	-0.0108576	0	0	0	148.215	4.25139e-06	4.25139e-06	0	0	0	2.53749	1.6542	0	0.883284		
1	1	4	25	975		293.15	0	0	0.0258068	-0.0107797	-0.0107797	0	0	0	146.265	4.2266e-06	4.2266e-06	0	0	0	2.50847	1.62231	0	0.886162		
1	1	4	26	978		293.15	0	0	0.025608	-0.010701	-0.010701	0	0	0	144.315	4.1982e-06	4.1982e-06	0	0	0	2.47959	1.59065	0	0.888943		
1	1	4	27	981		293.15	0	0	0.0254075	-0.0106215	-0.0106215	0	0	0	142.364	4.16397e-06	4.16397e-06	0	0	0	2.45085	1.55921	0	0.891633		
1	1	4	28	984		293.15	0	0	0.0252053	-0.0105414	-0.0105414	0	0	0	140.414	4.11454e-06	4.11454e-06	0	0	0	2.42226	1.52802	0	0.894236		
1	1	4	29	987		293.15	0	0	0.0250015	-0.0104605	-0.0104605	0	0	0	138.464	4.10848e-06	4.10848e-06	0	0	0	2.39384	1.49708	0	0.896758		
1	1	4	30	990		293.15	0	0	0.0247961	-0.0103789	-0.0103789	0	0	0	136.514	4.08276e-06	4.08276e-06	0	0	0	2.3656	1.4664	0	0.899203		
1	1	4	31	993		293.15	0	0	0.0245892	-0.0102966	-0.0102966	0	0	0	134.564	4.05488e-06	4.05488e-06	0	0	0	2.33755	1.43598	0	0.901574		
1	1	4	32	996		293.15	0	0	0.0243807	-0.0102137	-0.0102137	0	0	0	132.614	4.02478e-06	4.02479e-06	0	0	0	2.30971	1.40583	0	0.903877		
1	1	4	33	999		293.15	0	0	0.0241708	-0.0101301	-0.0101301	0	0	0	130.663	3.99274e-06	3.99274e-06	0	0	0	2.28208	1.37596	0	0.906115		
1	1	4	34	1002		293.15	0	0	0.0239595	-0.0100459	-0.0100459	0	0	0	128.713	3.95895e-06	3.95895e-06	0	0	0	2.25467	1.34637	0	0.908292		
1	1	4	35	1005		293.15	0	0	0.0237467	-0.00996111	-0.00996111	0	0	0	126.763	3.92358e-06	3.92358e-06	0	0	0	2.22749	1.31708	0	0.910412		
1	1	4	36	1008		293.15	0	0	0.0235326	-0.00987567	-0.00987567	0	0	0	124.813	3.88673e-06	3.88673e-06	0	0	0	2.20055	1.28807	0	0.912479		
1	1	4	37	1011		293.15	0	0	0.0233171	-0.00978964	-0.00978964	0	0	0	122.863	4.4177e-06	4.4177e-06	0	0	0	2.17387	1.25937	0	0.914496		
1	1	4	38	1014		293.15	0	0	0.0231003	-0.00970303	-0.00970303	0	0	0	120.912	4.80423e-06	4.80423e-06	0	0	0	2.14744	1.23097	0	0.916466		
1	1	4	39	1017		293.15	0	0	0.0228821	-0.00961585	-0.00961585	0	0	0	118.962	5.05423e-06	5.05423e-06	0	0	0	2.12128	1.20289	0	0.918394		
1	1	4	40	1020		293.15	0	0	0.0226628	-0.0095281	-0.0095281	0	0	0	117.012	5.17501e-06	5.17501e-06	0	0	0	2.0954	1.17511	0	0.920282		
1	1	4	41	1023		293.15	0	0	0.0224421	-0.00943981	-0.00943981	0	0	0	115.062	5.17363e-06	5.17363e-06	0	0	0	2.0698	1.14766	0	0.922133		
1	1	4	42	1026		293.15	0	0	0.0222203	-0.00935097	-0.00935097	0	0	0	113.112	5.0571e-06	5.0571e-06	0	0	0	2.04449	1.12053	0	0.92395		
1	1	4	43	1029		293.15	0	0	0.0219972	-0.00926161	-0.00926161	0	0	0	111.161	4.83259e-06	4.83259e-06	0	0	0	2.01947	1.09374	0	0.925737		
1	1	4	44	1032		293.15	0	0	0.021773	-0.00917172	-0.00917172	0	0	0	109.211	4.50777e-06	4.50777e-06	0	0	0	1.99476	1.06727	0	0.927497		
1	1	4	45	1035		293.15	0	0	0.0215476	-0.00908131	-0.00908131	0	0	0	107.261	4.09108e-06	4.09108e-06	0	0	0	1.97037	1.04114	0	0.929231		
1	1	4	46	1038		293.15	0	0	0.021321	-0.00899041	-0.00899041	0	0	0	105.311	3.59224e-06	3.59224e-06	0	0	0	1.94629	1.01535	0	0.930944		
1	1	4	47	1041		293.15	0	0	0.0210934	-0.008899	-0.008899	0	0	0	103.361	3.02295e-06	3.02295e-06	0	0	0	1.92254	0.989899	0	0.932637		
1	1	4	48	1044		293.15	0	0	0.0208646	-0.00880711	-0.00880711	0	0	0	101.41	2.39801e-06	2.39801e-06	0	0	0	1.89911	0.964799	0	0.934313		
1	1	4	49	1047		293.15	0	0	0.0206347	-0.00871473	-0.00871473	0	0	0	99.4601	2.34906e-06	2.34906e-06	0	0	0	1.87603	0.940051	0	0.935975		
1	1	4	50	1050		293.15	0	0	0.0204038	-0.00862188	-0.00862188	0	0	0	97.5099	2.30005e-06	2.30005e-06	0	0	0	1.85328	0.915656	0	0.937626		
1	1	4	51	1053		293.15	0	0	0.0201718	-0.00852856	-0.00852856	0	0	0	95.5597	2.25137e-06	2.25137e-06	0	0	0	1.83089	0.891619	0	0.939267		
1	1	4	52	1056		293.15	0	0	0.0199388	-0.00843477	-0.00843477	0	0	0	93.6095	1.72939e-06	1.72939e-06	0	0	0	1.80884	0.867943	0	0.940901		
1	1	4	53	1059		293.15	0	0	0.0197047	-0.00834054	-0.00834054	0	0	0	91.6593	1.46115e-06	1.46115e-06	0	0	0	1.78716	0.84463	0	0.94253		
1	1	4	54	1062		293.15	0	0	0.0194696	-0.00824585	-0.00824585	0	0	0	89.7091	1.77091e-06	1.77091e-06	0	0	0	1.76584	0.821685	0	0.944158		
1	1	4	55	1065		293.15	0	0	0.0192335	-0.00815072	-0.00815072	0	0	0	87.7589	1.74023e-06	1.74023e-06	0	0	0	1.74489	0.799109	0	0.945785		
1	1	4	56	1068		293.15	0	0	0.0189965	-0.00805516	-0.00805516	0	0	0	85.8087	1.65714e-06	1.65714e-06	0	0	0	1.72432	0.776906	0	0.947414		
1	1	4	57	1071		293.15	0	0	0.0187584	-0.00795916	-0.00795916	0	0	0	83.8585	1.57207e-06	1.57207e-06	0	0	0	1.70413	0.755079	0	0.949048		
1	1	4	58	1074		293.15	0	0	0.0185194	-0.00786274	-0.00786274	0	0	0	81.9083	1.49459e-06	1.49459e-06	0	0	0	1.68432	0.73363	0	0.950688		
1	1	4	59	1077		293.15	0	0	0.0182795	-0.0077659	-0.0077659	0	0	0	79.9581	1.42067e-06	1.42067e-06	0	0	0	1.6649	0.712562	0	0.952337		
1	1	4	60	1080		293.15	0	0	0.0180386	-0.00766864	-0.00766864	0	0	0	78.0079	1.34842e-06	1.34842e-06	0	0	0	1.64587	0.691877	0	0.953996		
1	1	4	61	1083		293.15	0	0	0.0177968	-0.00757097	-0.00757097	0	0	0	76.0577	1.27698e-06	1.27698e-06	0	0	0	1.62725	0.671578	0	0.955667		
1	1	4	62	1086		293.15	0	0	0.0175541	-0.0074729	-0.0074729	0	0	0	74.1075	1.20587e-06	1.20587e-06	0	0	0	1.60902	0.651668	0	0.957353		
1	1	4	63	1089		293.15	0	0	0.0173104	-0.00737442	-0.00737442	0	0	0	72.1573	1.13483e-06	1.13483e-06	0	0	0	1.5912	0.63215	0	0.959055		
1	1	4	64	1092		293.15	0	0	0.0170659	-0.00727555	-0.00727555	0	0	0	70.2071	1.06368e-06	1.06368e-06	0	0	0	1.5738	0.613024	0	0.960775		
1	1	4	65	1095		293.15	0	0	0.0168205	-0.00717629	-0.00717629	0	0	0	68.2569	9.92315e-07	9.92316e-07	0	0	0	1.55681	0.594295	0	0.962515		
1	1	4	66	1098		293.15	0	0	0.0165743	-0.00707664	-0.00707664	0	0	0	66.3068	9.20665e-07	9.20665e-07	0	0	0	1.54024	0.575963	0	0.964277		
1	1	4	67	1101		293.15	0	0	0.0163271	-0.00697661	-0.00697661	0	0	0	64.3566	8.48681e-07	8.48681e-07	0	0	0	1.52409	0.558032	0	0.966062		
1	1	4	68	1104		293.15	0	0	0.0160791	-0.0068762	-0.0068762	0	0	0	62.4064	7.76334e-07	7.76334e-07	0	0	0	1.50838	0.540504	0	0.967873		
1	1	4	69	1107		293.15	0	0	0.0158303	-0.00677541	-0.00677541	0	0	0	60.4562	7.03608e-07	7.03608e-07	0	0	0	1.49309	0.52338	0	0.969711		
1	1	4	70	1110		293.15	0	0	0.0155806	-0.00667426	-0.00667426	0	0	0	58.506	6.30493e-07	6.30493e-07	0	0	0	1.47824	0.506664	0	0.971577		
1	1	4	71	1113		293.15	0	0	0.0153302	-0.00657274	-0.00657274	0	0	0	56.5558	5.56992e-07	5.56992e-07	0	0	0	1.46383	0.490356	0	0.973474		
1	1	4	72	1116		293.15	0	0	0.0150789	-0.00647085	-0.00647085	0	0	0	54.6056	4.83111e-07	4.83111e-07	0	0	0	1.44986	0.47446	0	0.975403		
1	1	4	73	1119		293.15	0	0	0.0148267	-0.0063686	-0.0063686	0	0	0	52.6554	4.08865e-07	4.08866e-07	0	0	0	1.43634	0.458976	0	0.977365		
1	1	4	74	1122		293.15	0	0	0.0145738	-0.006266	-0.006266	0	0	0	50.7052	3.34277e-07	3.34277e-07	0	0	0	1.42327	0.443908	0	0.979363		
1	1	4	75	1125		293.15	0	0	0.0143201	-0.00616305	-0.00616305	0	0	0	48.755	2.59375e-07	2.59375e-07	0	0	0	1.41065	0.429257	0	0.981398		
1	1	4	76	1128		293.15	0	0	0.0140656	-0.00605974	-0.00605974	0	0	0	46.8048	1.842e-07	1.842e-07	0	0	0	1.3985	0.415025	0	0.98347		
1	1	4	77	1131		293.15	0	0	0.0138104	-0.00595609	-0.00595609	0	0	0	44.8546	1.08805e-07	1.08805e-07	0	0	0	1.3868	0.401213	0	0.985583		
1	1	4	78	1134		293.15	0	0	0.0135543	-0.0058521	-0.0058521	0	0	0	42.9044	3.32598e-08	3.326e-08	0	0	0	1.37556	0.387824	0	0.987737		
1	1	4	79	1137		293.15	0	0	0.0132975	-0.00574777	-0.00574777	0	0	0	40.9542	-4.23412e-08	-4.23411e-08	0	0	0	1.36479	0.37486	0	0.989934		
1	1	4	80	1140		293.15	0	0	0.01304	-0.0056431	-0.0056431	0	0	0	39.004	-1.17866e-07	-1.17866e-07	0	0	0	1.3545	0.362322	0	0.992175		
1	1	4	81	1143		293.15	0	0	0.0127817	-0.0055381	-0.0055381	0	0	0	37.0538	-1.93126e-07	-1.93126e-07	0	0	0	1.34467	0.350212	0	0.994462		
1	1	4	82	1146		293.15	0	0	0.0125226	-0.00543277	-0.00543277	0	0	0	35.1036	-2.67832e-07	-2.67832e-07	0	0	0	1.33533	0.338532	0	0.996797		
1	1	4	83	1149		293.15	0	0	0.0122629	-0.00532711	-0.00532711	0	0	0	33.1534	-3.41523e-07	-3.41523e-07	0	0	0	1.32646	0.327284	0	0.999179		
1	1	4	84	1152		293.15	0	0	0.0120024	-0.00522113	-0.00522113	0	0	0	31.2032	-4.13398e-07	-4.13398e-07	0	0	0	1.31808	0.316469	0	1.00161		
1	1	4	85	1155		293.15	0	0	0.0117411	-0.00511483	-0.00511483	0	0	0	29.253	-4.81984e-07	-4.81984e-07	0	0	0	1.31018	0.306088	0	1.0041		
1	1	4	86	1158		293.15	0	0	0.0114792	-0.0050082	-0.0050082	0	0	0	27.3028	-5.45156e-07	-5.45156e-07	0	0	0	1.30278	0.296144	0	1.00663		
1	1	4	87	1161		293.15	0	0	0.0112166	-0.00490126	-0.00490126	0	0	0	25.3526	-6.16685e-07	-6.16685e-07	0	0	0	1.29586	0.286638	0	1.00922		
1	1	4	88	1164		293.15	0	0	0.0109532	-0.00479401	-0.00479401	0	0	0	23.4024	-7.21652e-07	-7.21652e-07	0	0	0	1.28944	0.277572	0	1.01187		
1	1	4	89	1167		293.15	0	0	0.0106892	-0.00468645	-0.00468645	0	0	0	21.4522	-8.24277e-07	-8.24277e-07	0	0	0	1.28352	0.268947	0	1.01457		
1	1	4	90	1170		293.15	0	0	0.0104244	-0.00457858	-0.00457858	0	0	0	19.502	-9.22603e-07	-9.22603e-07	0	0	0	1.2781	0.260764	0	1.01733		
1	1	4	91	1173		293.15	0	0	0.010159	-0.0044704	-0.0044704	0	0	0	17.5518	-1.01844e-06	-1.01844e-06	0	0	0	1.27318	0.253026	0	1.02016		
1	1	4	92	1176		293.15	0	0	0.00989288	-0.00436192	-0.00436192	0	0	0	15.6016	-1.11284e-06	-1.11284e-06	0	0	0	1.26877	0.245734	0	1.02304		
1	1	4	93	1179		293.15	0	0	0.0096261	-0.00425313	-0.00425313	0	0	0	13.6514	-1.2064e-06	-1.2064e-06	0	0	0	1.26487	0.238889	0	1.02598		
1	1	4	94	1182		293.15	0	0	0.00935865	-0.00414405	-0.00414405	0	0	0	11.7012	-1.29947e-06	-1.29947e-06	0	0	0	1.26148	0.232493	0	1.02899		
1	1	4	95	1185		293.15	0	0	0.00909054	-0.00403467	-0.00403467	0	0	0	9.75099	-1.39226e-06	-1.39226e-06	0	0	0	1.2586	0.226547	0	1.03206		
1	1	4	96	1188		293.15	0	0	0.00882176	-0.003925	-0.003925	0	0	0	7.80079	-1.48492e-06	-1.48492e-06	0	0	0	1.25624	0.221052	0	1.03519		
1	1	4	97	1191		293.15	0	0	0.00855234	-0.00381504	-0.00381504	0	0	0	5.85059	-1.57752e-06	-1.57752e-06	0	0	0	1.2544	0.21601	0	1.03839		
1	1	4	98	1194		293.15	0	0	0.00828226	-0.00370478	-0.00370478	0	0	0	3.9004	-1.67014e-06	-1.67014e-06	0	0	0	1.25309	0.211423	0	1.04167		
1	1	4	99	1197		293.15	0	0	0.00801155	-0.00359424	-0.00359424	0	0	0	1.9502	-1.76282e-06	-1.76282e-06	0	0	0	1.2523	0.207291	0	1.04501		
1	1	4	100	1200		293.15	0	0	0.00774019	-0.00348341	-0.00348341	0	0	0	-1.82464e-06	-1.85556e-06	-1.85556e-06	0	0	0	1.25203	0.203616	0	1.04842		
1	1	5	1	1203		293.15	0	0	0.00806279	-0.00361043	-0.00361043	0	0	0	3.5612	-1.88958e-06	-1.88958e-06	0	0	0	1.25261	0.201032	0	1.05157		
1	1	5	2	1206		293.15	0	0	0.00838539	-0.00373771	-0.00373771	0	0	0	7.05547	-1.91752e-06	-1.91752e-06	0	0	0	1.25432	0.200093	0	1.05423		
1	1	5	3	1209		293.15	0	0	0.00870798	-0.00386522	-0.00386522	0	0	0	10.4872	-1.93976e-06	-1.93976e-06	0	0	0	1.25715	0.200695	0	1.05645		
1	1	5	4	1212		293.15	0	0	0.00903058	-0.00399295	-0.00399295	0	0	0	13.8606	-1.95661e-06	-1.95661e-06	0	0	0	1.26108	0.202746	0	1.05833		
1	1	5	5	1215		293.15	0	0	0.00935318	-0.00412088	-0.00412088	0	0	0	17.1792	-1.96827e-06	-1.96827e-06	0	0	0	1.26608	0.206167	0	1.05992		
1	1	5	6	1218		293.15	0	0	0.00967578	-0.00424901	-0.00424901	0	0	0	20.4466	-1.97327e-06	-1.97327e-06	0	0	0	1.27215	0.210891	0	1.06126		
1	1	5	7	1221		293.15	0	0	0.00999838	-0.00437733	-0.00437733	0	0	0	23.6658	-1.98185e-06	-1.98185e-06	0	0	0	1.27927	0.216857	0	1.06241		
1	1	5	8	1224		293.15	0	0	0.010321	-0.00450582	-0.00450582	0	0	0	26.8399	-1.97815e-06	-1.97815e-06	0	0	0	1.28741	0.224014	0	1.0634		
1	1	5	9	1227		293.15	0	0	0.0106436	-0.00463448	-0.00463448	0	0	0	29.9714	-1.97172e-06	-1.97172e-06	0	0	0	1.29658	0.232316	0	1.06426		
1	1	5	10	1230		293.15	0	0	0.0109662	-0.00476329	-0.00476329	0	0	0	33.0629	-1.96121e-06	-1.96121e-06	0	0	0	1.30674	0.241721	0	1.06502		
1	1	5	11	1233		293.15	0	0	0.0112888	-0.00489224	-0.00489224	0	0	0	36.1166	-2.40905e-06	-2.40905e-06	0	0	0	1.3179	0.252194	0	1.06571		
1	1	5	12	1236		293.15	0	0	0.0116114	-0.00502134	-0.00502134	0	0	0	39.1346	-2.75904e-06	-2.75904e-06	0	0	0	1.33004	0.263702	0	1.06634		
1	1	5	13	1239		293.15	0	0	0.011934	-0.00515057	-0.00515057	0	0	0	42.1188	-2.72623e-06	-2.72623e-06	0	0	0	1.34315	0.276215	0	1.06693		
1	1	5	14	1242		293.15	0	0	0.0122566	-0.00527993	-0.00527993	0	0	0	45.071	-2.33913e-06	-2.33913e-06	0	0	0	1.35721	0.289708	0	1.0675		
1	1	5	15	1245		293.15	0	0	0.0125792	-0.00540941	-0.00540941	0	0	0	47.9929	-1.62805e-06	-1.62805e-06	0	0	0	1.37222	0.304155	0	1.06807		
1	1	5	16	1248		293.15	0	0	0.0129018	-0.005539	-0.005539	0	0	0	50.886	-1.60068e-06	-1.60068e-06	0	0	0	1.38817	0.319535	0	1.06863		
1	1	5	17	1251		293.15	0	0	0.0132244	-0.00566871	-0.00566871	0	0	0	53.7517	-1.57142e-06	-1.57142e-06	0	0	0	1.40505	0.335828	0	1.06922		
1	1	5	18	1254		293.15	0	0	0.013547	-0.00579852	-0.00579852	0	0	0	56.5913	-1.53947e-06	-1.53947e-06	0	0	0	1.42285	0.353015	0	1.06983		
1	1	5	19	1257		293.15	0	0	0.0138696	-0.00592843	-0.00592843	0	0	0	59.406	-1.50137e-06	-1.50137e-06	0	0	0	1.44156	0.371078	0	1.07048		
1	1	5	20	1260		293.15	0	0	0.0141922	-0.00605844	-0.00605844	0	0	0	62.1969	-1.46241e-06	-1.46241e-06	0	0	0	1.46117	0.390001	0	1.07117		
1	1	5	21	1263		293.15	0	0	0.0145147	-0.00618854	-0.00618854	0	0	0	64.9652	-1.42148e-06	-1.42148e-06	0	0	0	1.48168	0.40977	0	1.07191		
1	1	5	22	1266		293.15	0	0	0.0148373	-0.00631874	-0.00631874	0	0	0	67.7117	-1.37849e-06	-1.37849e-06	0	0	0	1.50308	0.43037	0	1.07271		
1	1	5	23	1269		293.15	0	0	0.0151599	-0.00644902	-0.00644902	0	0	0	70.4374	-1.33342e-06	-1.33342e-06	0	0	0	1.52537	0.451787	0	1.07358		
1	1	5	24	1272		293.15	0	0	0.0154825	-0.00657938	-0.00657938	0	0	0	73.1431	-1.28626e-06	-1.28626e-06	0	0	0	1.54853	0.474011	0	1.07451		
1	1	5	25	1275		293.15	0	0	0.0158051	-0.00670982	-0.00670982	0	0	0	75.8297	-1.23677e-06	-1.23677e-06	0	0	0	1.57255	0.497028	0	1.07553		
1	1	5	26	1278		293.15	0	0	0.0161277	-0.00684035	-0.00684035	0	0	0	78.4978	-1.18714e-06	-1.18714e-06	0	0	0	1.59745	0.520827	0	1.07662		
1	1	5	27	1281		293.15	0	0	0.0164503	-0.00697095	-0.00697095	0	0	0	81.1481	-1.13655e-06	-1.13655e-06	0	0	0	1.6232	0.545398	0	1.0778		
1	1	5	28	1284		293.15	0	0	0.0167729	-0.00710162	-0.00710162	0	0	0	83.7813	-1.08312e-06	-1.08312e-06	0	0	0	1.6498	0.570731	0	1.07907		
1	1	5	29	1287		293.15	0	0	0.0170955	-0.00723236	-0.00723236	0	0	0	86.398	-1.02779e-06	-1.02779e-06	0	0	0	1.67725	0.596816	0	1.08044		
1	1	5	30	1290		293.15	0	0	0.0174181	-0.00736317	-0.00736317	0	0	0	88.9988	-9.70735e-07	-9.70735e-07	0	0	0	1.70554	0.623644	0	1.0819		
1	1	5	31	1293		293.15	0	0	0.0177407	-0.00749405	-0.00749405	0	0	0	91.5841	-9.12035e-07	-9.12035e-07	0	0	0	1.73467	0.651206	0	1.08346		
1	1	5	32	1296		293.15	0	0	0.0180633	-0.007625	-0.007625	0	0	0	94.1545	-8.51756e-07	-8.51756e-07	0	0	0	1.76463	0.679495	0	1.08514		
1	1	5	33	1299		293.15	0	0	0.0183859	-0.007756	-0.007756	0	0	0	96.7105	-7.8995e-07	-7.8995e-07	0	0	0	1.79542	0.708501	0	1.08692		
1	1	5	34	1302		293.15	0	0	0.0187085	-0.00788707	-0.00788707	0	0	0	99.2525	-7.26662e-07	-7.26662e-07	0	0	0	1.82702	0.738217	0	1.08881		
1	1	5	35	1305		293.15	0	0	0.0190311	-0.0080182	-0.0080182	0	0	0	101.781	-6.61936e-07	-6.61936e-07	0	0	0	1.85945	0.768637	0	1.09081		
1	1	5	36	1308		293.15	0	0	0.0193537	-0.00814939	-0.00814939	0	0	0	104.296	-5.95808e-07	-5.95808e-07	0	0	0	1.89269	0.799752	0	1.09294		
1	1	5	37	1311		293.15	0	0	0.0196763	-0.00828064	-0.00828064	0	0	0	106.799	-5.28315e-07	-5.28315e-07	0	0	0	1.92674	0.831556	0	1.09518		
1	1	5	38	1314		293.15	0	0	0.0199989	-0.00841194	-0.00841194	0	0	0	109.289	-4.59492e-07	-4.59492e-07	0	0	0	1.9616	0.864042	0	1.09755		
1	1	5	39	1317		293.15	0	0	0.0203215	-0.0085433	-0.0085433	0	0	0	111.766	-3.89369e-07	-3.89369e-07	0	0	0	1.99725	0.897205	0	1.10005		
1	1	5	40	1320		293.15	0	0	0.0206441	-0.00867471	-0.00867471	0	0	0	114.232	-3.17976e-07	-3.17976e-07	0	0	0	2.0337	0.931038	0	1.10267		
1	1	5	41	1323		293.15	0	0	0.0209667	-0.00880617	-0.00880617	0	0	0	116.687	-2.45343e-07	-2.45344e-07	0	0	0	2.07095	0.965534	0	1.10542		
1	1	5	42	1326		293.15	0	0	0.0212893	-0.00893769	-0.00893769	0	0	0	119.13	-1.71497e-07	-1.71497e-07	0	0	0	2.10899	1.00069	0	1.1083		
1	1	5	43	1329		293.15	0	0	0.0216119	-0.00906925	-0.00906925	0	0	0	121.563	-9.64634e-08	-9.64634e-08	0	0	0	2.14781	1.0365	0	1.11131		
1	1	5	44	1332		293.15	0	0	0.0219345	-0.00920087	-0.00920087	0	0	0	123.985	-2.02668e-08	-2.02668e-08	0	0	0	2.18742	1.07295	0	1.11447		
1	1	5	45	1335		293.15	0	0	0.0222571	-0.00933253	-0.00933253	0	0	0	126.396	5.70692e-08	5.70691e-08	0	0	0	2.22781	1.11005	0	1.11775		
1	1	5	46	1338		293.15	0	0	0.0225797	-0.00946424	-0.00946424	0	0	0	128.797	1.35522e-07	1.35522e-07	0	0	0	2.26897	1.14779	0	1.12118		
1	1	5	47	1341		293.15	0	0	0.0229023	-0.00959599	-0.00959599	0	0	0	131.188	2.15069e-07	2.15069e-07	0	0	0	2.3109	1.18616	0	1.12475		
1	1	5	48	1344		293.15	0	0	0.0232249	-0.0097278	-0.0097278	0	0	0	133.57	2.95691e-07	2.95691e-07	0	0	0	2.35361	1.22516	0	1.12845		
1	1	5	49	1347		293.15	0	0	0.0235475	-0.00985964	-0.00985964	0	0	0	135.942	3.77367e-07	3.77367e-07	0	0	0	2.39708	1.26478	0	1.1323		
1	1	5	50	1350		293.15	0	0	0.0238701	-0.00999154	-0.00999154	0	0	0	138.305	4.60078e-07	4.60078e-07	0	0	0	2.44132	1.30502	0	1.1363		
1	1	5	51	1353		293.15	0	0	0.0241927	-0.0101235	-0.0101235	0	0	0	140.658	5.43806e-07	5.43806e-07	0	0	0	2.48631	1.34587	0	1.14044		
1	1	5	52	1356		293.15	0	0	0.0245153	-0.0102554	-0.0102554	0	0	0	143.003	6.28533e-07	6.28533e-07	0	0	0	2.53207	1.38734	0	1.14473		
1	1	5	53	1359		293.15	0	0	0.0248379	-0.0103875	-0.0103875	0	0	0	145.339	7.14242e-07	7.14242e-07	0	0	0	2.57858	1.42941	0	1.14916		
1	1	5	54	1362		293.15	0	0	0.0251605	-0.0105195	-0.0105195	0	0	0	147.666	8.00917e-07	8.00917e-07	0	0	0	2.62584	1.47209	0	1.15375		
1	1	5	55	1365		293.15	0	0	0.0254831	-0.0106516	-0.0106516	0	0	0	149.985	8.88541e-07	8.88541e-07	0	0	0	2.67385	1.51536	0	1.15848		
1	1	5	56	1368		293.15	0	0	0.0258057	-0.0107838	-0.0107838	0	0	0	152.296	9.77099e-07	9.77099e-07	0	0	0	2.72261	1.55923	0	1.16337		
1	1	5	57	1371		293.15	0	0	0.0261283	-0.010916	-0.010916	0	0	0	154.598	1.06658e-06	1.06658e-06	0	0	0	2.77211	1.6037	0	1.16841		
1	1	5	58	1374		293.15	0	0	0.0264509	-0.0110482	-0.0110482	0	0	0	156.893	1.15696e-06	1.15696e-06	0	0	0	2.82235	1.64875	0	1.1736		
1	1	5	59	1377		293.15	0	0	0.0267735	-0.0111804	-0.0111804	0	0	0	159.179	1.24823e-06	1.24823e-06	0	0	0	2.87333	1.69439	0	1.17895		
1	1	5	60	1380		293.15	0	0	0.0270961	-0.0113127	-0.0113127	0	0	0	161.458	1.34039e-06	1.34039e-06	0	0	0	2.92505	1.74061	0	1.18445		
1	1	5	61	1383		293.15	0	0	0.0274187	-0.0114451	-0.0114451	0	0	0	163.73	1.4334e-06	1.4334e-06	0	0	0	2.9775	1.7874	0	1.1901		
1	1	5	62	1386		293.15	0	0	0.0277413	-0.0115774	-0.0115774	0	0	0	165.994	1.52727e-06	1.52727e-06	0	0	0	3.03069	1.83477	0	1.19591		
1	1	5	63	1389		293.15	0	0	0.0280639	-0.0117098	-0.0117098	0	0	0	168.251	1.62198e-06	1.62198e-06	0	0	0	3.0846	1.88272	0	1.20188		
1	1	5	64	1392		293.15	0	0	0.0283865	-0.0118423	-0.0118423	0	0	0	170.5	1.71752e-06	1.71752e-06	0	0	0	3.13924	1.93123	0	1.20801		
1	1	5	65	1395		293.15	0	0	0.0287091	-0.0119747	-0.0119747	0	0	0	172.743	1.81387e-06	1.81387e-06	0	0	0	3.19461	1.98031	0	1.21429		
1	1	5	66	1398		293.15	0	0	0.0290317	-0.0121073	-0.0121073	0	0	0	174.978	1.91103e-06	1.91103e-06	0	0	0	3.25069	2.02996	0	1.22074		
1	1	5	67	1401		293.15	0	0	0.0293543	-0.0122398	-0.0122398	0	0	0	177.207	2.00898e-06	2.00898e-06	0	0	0	3.3075	2.08016	0	1.22734		
1	1	5	68	1404		293.15	0	0	0.0296769	-0.0123724	-0.0123724	0	0	0	179.429	2.10772e-06	2.10772e-06	0	0	0	3.36503	2.13092	0	1.2341		
1	1	5	69	1407		293.15	0	0	0.0299995	-0.012505	-0.012505	0	0	0	181.645	2.20723e-06	2.20723e-06	0	0	0	3.42327	2.18224	0	1.24103		
1	1	5	70	1410		293.15	0	0	0.0303221	-0.0126376	-0.0126376	0	0	0	183.854	2.3075e-06	2.3075e-06	0	0	0	3.48222	2.23411	0	1.24811		
1	1	5	71	1413		293.15	0	0	0.0306447	-0.0127703	-0.0127703	0	0	0	186.056	2.40853e-06	2.40853e-06	0	0	0	3.54189	2.28653	0	1.25536		
1	1	5	72	1416		293.15	0	0	0.0309673	-0.012903	-0.012903	0	0	0	188.253	2.5103e-06	2.5103e-06	0	0	0	3.60226	2.3395	0	1.26277		
1	1	5	73	1419		293.15	0	0	0.0312899	-0.0130358	-0.0130358	0	0	0	190.443	2.6128e-06	2.6128e-06	0	0	0	3.66335	2.39301	0	1.27034		
1	1	5	74	1422		293.15	0	0	0.0316124	-0.0131685	-0.0131685	0	0	0	192.626	2.71603e-06	2.71603e-06	0	0	0	3.72513	2.44706	0	1.27807		
1	1	5	75	1425		293.15	0	0	0.031935	-0.0133013	-0.0133013	0	0	0	194.804	2.81998e-06	2.81998e-06	0	0	0	3.78763	2.50166	0	1.28597		
1	1	5	76	1428		293.15	0	0	0.0322576	-0.0134342	-0.0134342	0	0	0	196.976	2.92464e-06	2.92464e-06	0	0	0	3.85082	2.55679	0	1.29403		
1	1	5	77	1431		293.15	0	0	0.0325802	-0.013567	-0.013567	0	0	0	199.142	3.02999e-06	3.02999e-06	0	0	0	3.91471	2.61245	0	1.30226		
1	1	5	78	1434		293.15	0	0	0.0329028	-0.0136999	-0.0136999	0	0	0	201.302	3.13604e-06	3.13604e-06	0	0	0	3.97931	2.66865	0	1.31065		
1	1	5	79	1437		293.15	0	0	0.0332254	-0.0138329	-0.0138329	0	0	0	203.457	3.24277e-06	3.24277e-06	0	0	0	4.04459	2.72538	0	1.31921		
1	1	5	80	1440		293.15	0	0	0.033548	-0.0139658	-0.0139658	0	0	0	205.606	3.35018e-06	3.35018e-06	0	0	0	4.11057	2.78264	0	1.32793		
1	1	5	81	1443		293.15	0	0	0.0338706	-0.0140988	-0.0140988	0	0	0	207.749	3.45825e-06	3.45825e-06	0	0	0	4.17725	2.84043	0	1.33682		
1	1	5	82	1446		293.15	0	0	0.0341932	-0.0142318	-0.0142318	0	0	0	209.887	3.56699e-06	3.56699e-06	0	0	0	4.24461	2.89874	0	1.34587		
1	1	5	83	1449		293.15	0	0	0.0345158	-0.0143648	-0.0143648	0	0	0	212.019	3.67637e-06	3.67637e-06	0	0	0	4.31267	2.95757	0	1.35509		
1	1	5	84	1452		293.15	0	0	0.0348384	-0.0144979	-0.0144979	0	0	0	214.146	3.78641e-06	3.78641e-06	0	0	0	4.38141	3.01693	0	1.36448		
1	1	5	85	1455		293.15	0	0	0.035161	-0.014631	-0.014631	0	0	0	216.268	3.89708e-06	3.89708e-06	0	0	0	4.45083	3.0768	0	1.37403		
1	1	5	86	1458		293.15	0	0	0.0354836	-0.0147641	-0.0147641	0	0	0	218.385	4.00839e-06	4.00839e-06	0	0	0	4.52094	3.13718	0	1.38376		
1	1	5	87	1461		293.15	0	0	0.0358062	-0.0148973	-0.0148973	0	0	0	220.496	4.12032e-06	4.12032e-06	0	0	0	4.59173	3.19809	0	1.39364		
1	1	5	88	1464		293.15	0	0	0.0361288	-0.0150305	-0.0150305	0	0	0	222.602	4.23287e-06	4.23287e-06	0	0	0	4.6632	3.2595	0	1.4037		
1	1	5	89	1467		293.15	0	0	0.0364514	-0.0151637	-0.0151637	0	0	0	224.704	4.34604e-06	4.34604e-06	0	0	0	4.73535	3.32143	0	1.41393		
1	1	5	90	1470		293.15	0	0	0.036774	-0.0152969	-0.0152969	0	0	0	226.8	4.45981e-06	4.45981e-06	0	0	0	4.80818	3.38386	0	1.42432		
1	1	5	91	1473		293.15	0	0	0.0370966	-0.0154301	-0.0154301	0	0	0	228.892	4.57418e-06	4.57418e-06	0	0	0	4.88168	3.4468	0	1.43488		
1	1	5	92	1476		293.15	0	0	0.0374192	-0.0155634	-0.0155634	0	0	0	230.978	4.68915e-06	4.68915e-06	0	0	0	4.95586	3.51024	0	1.44561		
1	1	5	93	1479		293.15	0	0	0.0377418	-0.0156967	-0.0156967	0	0	0	233.06	4.80471e-06	4.80471e-06	0	0	0	5.03071	3.57419	0	1.45652		
1	1	5	94	1482		293.15	0	0	0.0380644	-0.0158301	-0.0158301	0	0	0	235.137	4.92084e-06	4.92084e-06	0	0	0	5.10623	3.63864	0	1.46759		
1	1	5	95	1485		293.15	0	0	0.038387	-0.0159634	-0.0159634	0	0	0	237.21	5.03756e-06	5.03756e-06	0	0	0	5.18242	3.70359	0	1.47882		
1	1	5	96	1488		293.15	0	0	0.0387096	-0.0160968	-0.0160968	0	0	0	239.278	5.15485e-06	5.15485e-06	0	0	0	5.25927	3.76904	0	1.49023		
1	1	5	97	1491		293.15	0	0	0.0390322	-0.0162302	-0.0162302	0	0	0	241.341	5.2727e-06	5.2727e-06	0	0	0	5.3368	3.83498	0	1.50181		
1	1	5	98	1494		293.15	0	0	0.0393548	-0.0163636	-0.0163636	0	0	0	243.4	5.39112e-06	5.39112e-06	0	0	0	5.41499	3.90142	0	1.51356		
1	1	5	99	1497		293.15	0	0	0.0396774	-0.0164971	-0.0164971	0	0	0	245.454	5.51009e-06	5.51009e-06	0	0	0	5.49384	3.96835	0	1.52548		
1	1	5	100	1500		293.15	0	0	0.04	-0.0166306	-0.0166306	0	0	0	247.504	5.62961e-06	5.62961e-06	0	0	0	5.57335	4.03578	0	1.53757		
1	1	6	1	1503		293.15	0	0	0.0398349	-0.0165688	-0.0165688	0	0	0	245.029	5.65219e-06	5.65219e-06	0	0	0	5.53269	3.9833	0	1.54939		
1	1	6	2	1506		293.15	0	0	0.0396638	-0.0165043	-0.0165043	0	0	0	242.554	5.66807e-06	5.66807e-06	0	0	0	5.49098	3.93045	0	1.56053		
1	1	6	3	1509		293.15	0	0	0.0394871	-0.0164375	-0.0164375	0	0	0	240.079	5.67709e-06	5.67709e-06	0	0	0	5.44833	3.87727	0	1.57106		
1	1	6	4	1512		293.15	0	0	0.039305	-0.0163682	-0.0163682	0	0	0	237.604	5.67885e-06	5.67885e-06	0	0	0	5.40484	3.82382	0	1.58102		
1	1	6	5	1515		293.15	0	0	0.0391178	-0.0162968	-0.0162968	0	0	0	235.129	5.67259e-06	5.67259e-06	0	0	0	5.3606	3.77013	0	1.59047		
1	1	6	6	1518		293.15	0	0	0.0389258	-0.0162233	-0.0162233	0	0	0	232.654	5.65679e-06	5.65679e-06	0	0	0	5.31569	3.71625	0	1.59944		
1	1	6	7	1521		293.15	0	0	0.0387292	-0.0161478	-0.0161478	0	0	0	230.179	5.62837e-06	5.62837e-06	0	0	0	5.27019	3.66222	0	1.60798		
1	1	6	8	1524		293.15	0	0	0.0385282	-0.0160703	-0.0160703	0	0	0	227.704	5.57985e-06	5.57985e-06	0	0	0	5.22418	3.60808	0	1.6161		
1	1	6	9	1527		293.15	0	0	0.038323	-0.015991	-0.015991	0	0	0	225.229	5.48578e-06	5.48578e-06	0	0	0	5.17772	3.55387	0	1.62384		
1	1	6	10	1530		293.15	0	0	0.0381139	-0.01591	-0.01591	0	0	0	222.754	5.09149e-06	5.09149e-06	0	0	0	5.13087	3.49964	0	1.63123		
1	1	6	11	1533		293.15	0	0	0.0379009	-0.0158274	-0.0158274	0	0	0	220.279	5.25818e-06	5.25818e-06	0	0	0	5.0837	3.44541	0	1.63829		
1	1	6	12	1536		293.15	0	0	0.0376843	-0.0157431	-0.0157431	0	0	0	217.804	5.31125e-06	5.31125e-06	0	0	0	5.03625	3.39121	0	1.64504		
1	1	6	13	1539		293.15	0	0	0.0374643	-0.0156573	-0.0156573	0	0	0	215.329	5.34129e-06	5.34129e-06	0	0	0	4.98859	3.33709	0	1.6515		
1	1	6	14	1542		293.15	0	0	0.0372408	-0.0155701	-0.0155701	0	0	0	212.854	5.35757e-06	5.35757e-06	0	0	0	4.94075	3.28307	0	1.65768		
1	1	6	15	1545		293.15	0	0	0.0370141	-0.0154814	-0.0154814	0	0	0	210.379	5.36455e-06	5.36455e-06	0	0	0	4.89278	3.22918	0	1.66361		
1	1	6	16	1548		293.15	0	0	0.0367844	-0.0153914	-0.0153914	0	0	0	207.904	5.36454e-06	5.36454e-06	0	0	0	4.84473	3.17544	0	1.66929		
1	1	6	17	1551		293.15	0	0	0.0365516	-0.0153001	-0.0153001	0	0	0	205.429	5.35887e-06	5.35887e-06	0	0	0	4.79663	3.12189	0	1.67475		
1	1	6	18	1554		293.15	0	0	0.036316	-0.0152075	-0.0152075	0	0	0	202.954	5.34838e-06	5.34838e-06	0	0	0	4.74852	3.06854	0	1.67998		
1	1	6	19	1557		293.15	0	0	0.0360776	-0.0151138	-0.0151138	0	0	0	200.478	5.33363e-06	5.33363e-06	0	0	0	4.70043	3.01542	0	1.68502		
1	1	6	20	1560		293.15	0	0	0.0358366	-0.0150188	-0.0150188	0	0	0	198.003	5.31504e-06	5.31504e-06	0	0	0	4.65241	2.96255	0	1.68986		
1	1	6	21	1563		293.15	0	0	0.0355929	-0.0149227	-0.0149227	0	0	0	195.528	5.29289e-06	5.29289e-06	0	0	0	4.60446	2.90995	0	1.69452		
1	1	6	22	1566		293.15	0	0	0.0353468	-0.0148255	-0.0148255	0	0	0	193.053	5.26736e-06	5.26736e-06	0	0	0	4.55664	2.85764	0	1.699		
1	1	6	23	1569		293.15	0	0	0.0350982	-0.0147273	-0.0147273	0	0	0	190.578	5.23855e-06	5.23855e-06	0	0	0	4.50896	2.80563	0	1.70333		
1	1	6	24	1572		293.15	0	0	0.0348472	-0.014628	-0.014628	0	0	0	188.103	5.20639e-06	5.20639e-06	0	0	0	4.46144	2.75395	0	1.70749		
1	1	6	25	1575		293.15	0	0	0.034594	-0.0145277	-0.0145277	0	0	0	185.628	5.17056e-06	5.17056e-06	0	0	0	4.41412	2.7026	0	1.71152		
1	1	6	26	1578		293.15	0	0	0.0343386	-0.0144265	-0.0144265	0	0	0	183.153	5.12989e-06	5.12989e-06	0	0	0	4.36702	2.65162	0	1.71541		
1	1	6	27	1581		293.15	0	0	0.034081	-0.0143243	-0.0143243	0	0	0	180.678	5.07923e-06	5.07923e-06	0	0	0	4.32016	2.601	0	1.71917		
1	1	6	28	1584		293.15	0	0	0.0338213	-0.0142211	-0.0142211	0	0	0	178.203	5.06014e-06	5.06014e-06	0	0	0	4.27356	2.55076	0	1.72281		
1	1	6	29	1587		293.15	0	0	0.0335596	-0.0141171	-0.0141171	0	0	0	175.728	5.024e-06	5.024e-06	0	0	0	4.22724	2.50091	0	1.72633		
1	1	6	30	1590		293.15	0	0	0.0332958	-0.0140122	-0.0140122	0	0	0	173.253	4.98468e-06	4.98468e-06	0	0	0	4.18122	2.45148	0	1.72975		
1	1	6	31	1593		293.15	0	0	0.0330301	-0.0139064	-0.0139064	0	0	0	170.778	4.943e-06	4.943e-06	0	0	0	4.13552	2.40246	0	1.73307		
1	1	6	32	1596		293.15	0	0	0.0327626	-0.0137998	-0.0137998	0	0	0	168.303	4.89903e-06	4.89903e-06	0	0	0	4.09016	2.35387	0	1.73629		
1	1	6	33	1599		293.15	0	0	0.0324931	-0.0136924	-0.0136924	0	0	0	165.828	4.85297e-06	4.85297e-06	0	0	0	4.04515	2.30572	0	1.73943		
1	1	6	34	1602		293.15	0	0	0.0322219	-0.0135842	-0.0135842	0	0	0	163.353	4.80499e-06	4.80499e-06	0	0	0	4.0005	2.25802	0	1.74248		
1	1	6	35	1605		293.15	0	0	0.0319489	-0.0134752	-0.0134752	0	0	0	160.878	4.75522e-06	4.75522e-06	0	0	0	3.95624	2.21078	0	1.74546		
1	1	6	36	1608		293.15	0	0	0.0316741	-0.0133655	-0.0133655	0	0	0	158.403	5.23583e-06	5.23583e-06	0	0	0	3.91238	2.16401	0	1.74837		
1	1	6	37	1611		293.15	0	0	0.0313977	-0.013255	-0.013255	0	0	0	155.928	5.53996e-06	5.53996e-06	0	0	0	3.86893	2.11771	0	1.75122		
1	1	6	38	1614		293.15	0	0	0.0311196	-0.0131437	-0.0131437	0	0	0	153.453	5.67747e-06	5.67747e-06	0	0	0	3.82591	2.0719	0	1.75401		
1	1	6	39	1617		293.15	0	0	0.0308398	-0.0130318	-0.0130318	0	0	0	150.978	5.65783e-06	5.65783e-06	0	0	0	3.78333	2.02658	0	1.75674		
1	1	6	40	1620		293.15	0	0	0.0305585	-0.0129191	-0.0129191	0	0	0	148.503	5.49048e-06	5.49048e-06	0	0	0	3.7412	1.98177	0	1.75943		
1	1	6	41	1623		293.15	0	0	0.0302756	-0.0128058	-0.0128058	0	0	0	146.028	5.18519e-06	5.18519e-06	0	0	0	3.69954	1.93746	0	1.76207		
1	1	6	42	1626		293.15	0	0	0.0299911	-0.0126917	-0.0126917	0	0	0	143.552	4.75245e-06	4.75245e-06	0	0	0	3.65835	1.89367	0	1.76468		
1	1	6	43	1629		293.15	0	0	0.0297051	-0.012577	-0.012577	0	0	0	141.077	4.20406e-06	4.20406e-06	0	0	0	3.61765	1.85041	0	1.76725		
1	1	6	44	1632		293.15	0	0	0.0294177	-0.0124617	-0.0124617	0	0	0	138.602	4.14242e-06	4.14242e-06	0	0	0	3.57745	1.80767	0	1.76979		
1	1	6	45	1635		293.15	0	0	0.0291287	-0.0123457	-0.0123457	0	0	0	136.127	4.08003e-06	4.08003e-06	0	0	0	3.53777	1.76547	0	1.7723		
1	1	6	46	1638		293.15	0	0	0.0288384	-0.012229	-0.012229	0	0	0	133.652	4.01708e-06	4.01708e-06	0	0	0	3.4986	1.72381	0	1.77479		
1	1	6	47	1641		293.15	0	0	0.0285466	-0.0121118	-0.0121118	0	0	0	131.177	3.95385e-06	3.95385e-06	0	0	0	3.45997	1.68269	0	1.77727		
1	1	6	48	1644		293.15	0	0	0.0282534	-0.0119939	-0.0119939	0	0	0	128.702	3.89077e-06	3.89077e-06	0	0	0	3.42187	1.64214	0	1.77973		
1	1	6	49	1647		293.15	0	0	0.0279589	-0.0118754	-0.0118754	0	0	0	126.227	3.82857e-06	3.82857e-06	0	0	0	3.38433	1.60214	0	1.78219		
1	1	6	50	1650		293.15	0	0	0.027663	-0.0117563	-0.0117563	0	0	0	123.752	3.35807e-06	3.35807e-06	0	0	0	3.34734	1.56271	0	1.78464		
1	1	6	51	1653		293.15	0	0	0.0273658	-0.0116366	-0.0116366	0	0	0	121.277	3.46731e-06	3.46731e-06	0	0	0	3.31093	1.52384	0	1.78709		
1	1	6	52	1656		293.15	0	0	0.0270673	-0.0115164	-0.0115164	0	0	0	118.802	3.42436e-06	3.42436e-06	0	0	0	3.2751	1.48556	0	1.78954		
1	1	6	53	1659		293.15	0	0	0.0267674	-0.0113955	-0.0113955	0	0	0	116.327	3.33182e-06	3.33182e-06	0	0	0	3.23985	1.44785	0	1.792		
1	1	6	54	1662		293.15	0	0	0.0264663	-0.0112741	-0.0112741	0	0	0	113.852	3.22317e-06	3.22317e-06	0	0	0	3.20519	1.41073	0	1.79446		
1	1	6	55	1665		293.15	0	0	0.026164	-0.0111522	-0.0111522	0	0	0	111.377	3.12457e-06	3.12457e-06	0	0	0	3.17114	1.3742	0	1.79694		
1	1	6	56	1668		293.15	0	0	0.0258604	-0.0110297	-0.0110297	0	0	0	108.902	3.03079e-06	3.03079e-06	0	0	0	3.13771	1.33827	0	1.79944		
1	1	6	57	1671		293.15	0	0	0.0255556	-0.0109066	-0.0109066	0	0	0	106.427	2.93916e-06	2.93916e-06	0	0	0	3.10489	1.30294	0	1.80195		
1	1	6	58	1674		293.15	0	0	0.0252496	-0.0107831	-0.0107831	0	0	0	103.952	2.84854e-06	2.84854e-06	0	0	0	3.0727	1.26821	0	1.80449		
1	1	6	59	1677		293.15	0	0	0.0249423	-0.010659	-0.010659	0	0	0	101.477	2.7583e-06	2.7583e-06	0	0	0	3.04114	1.23409	0	1.80706		
1	1	6	60	1680		293.15	0	0	0.0246339	-0.0105343	-0.0105343	0	0	0	99.0017	2.6681e-06	2.6681e-06	0	0	0	3.01023	1.20058	0	1.80965		
1	1	6	61	1683		293.15	0	0	0.0243244	-0.0104092	-0.0104092	0	0	0	96.5267	2.57773e-06	2.57773e-06	0	0	0	2.97997	1.16769	0	1.81228		
1	1	6	62	1686		293.15	0	0	0.0240137	-0.0102835	-0.0102835	0	0	0	94.0516	2.48707e-06	2.48707e-06	0	0	0	2.95036	1.13542	0	1.81494		
1	1	6	63	1689		293.15	0	0	0.0237018	-0.0101574	-0.0101574	0	0	0	91.5766	2.39603e-06	2.39603e-06	0	0	0	2.92142	1.10378	0	1.81764		
1	1	6	64	1692		293.15	0	0	0.0233889	-0.0100307	-0.0100307	0	0	0	89.1015	2.30456e-06	2.30456e-06	0	0	0	2.89314	1.07277	0	1.82038		
1	1	6	65	1695		293.15	0	0	0.0230748	-0.00990358	-0.00990358	0	0	0	86.6265	2.21263e-06	2.21263e-06	0	0	0	2.86555	1.04239	0	1.82316		
1	1	6	66	1698		293.15	0	0	0.0227597	-0.00977594	-0.00977594	0	0	0	84.1515	2.12023e-06	2.12023e-06	0	0	0	2.83864	1.01264	0	1.82599		
1	1	6	67	1701		293.15	0	0	0.0224434	-0.00964783	-0.00964783	0	0	0	81.6764	2.02735e-06	2.02735e-06	0	0	0	2.81242	0.983542	0	1.82887		
1	1	6	68	1704		293.15	0	0	0.0221261	-0.00951924	-0.00951924	0	0	0	79.2014	1.93402e-06	1.93402e-06	0	0	0	2.78689	0.955085	0	1.83181		
1	1	6	69	1707		293.15	0	0	0.0218077	-0.00939017	-0.00939017	0	0	0	76.7263	1.84025e-06	1.84025e-06	0	0	0	2.76207	0.927275	0	1.83479		
1	1	6	70	1710		293.15	0	0	0.0214883	-0.00926064	-0.00926064	0	0	0	74.2513	1.74609e-06	1.74609e-06	0	0	0	2.73796	0.900117	0	1.83784		
1	1	6	71	1713		293.15	0	0	0.0211678	-0.00913065	-0.00913065	0	0	0	71.7762	1.6516e-06	1.6516e-06	0	0	0	2.71456	0.873614	0	1.84094		
1	1	6	72	1716		293.15	0	0	0.0208463	-0.00900021	-0.00900021	0	0	0	69.3012	1.55683e-06	1.55683e-06	0	0	0	2.69188	0.847769	0	1.84411		
1	1	6	73	1719		293.15	0	0	0.0205238	-0.00886931	-0.00886931	0	0	0	66.8262	1.4619e-06	1.4619e-06	0	0	0	2.66993	0.822586	0	1.84734		
1	1	6	74	1722		293.15	0	0	0.0202003	-0.00873796	-0.00873796	0	0	0	64.3511	1.36694e-06	1.36694e-06	0	0	0	2.64871	0.798068	0	1.85064		
1	1	6	75	1725		293.15	0	0	0.0198758	-0.00860617	-0.00860617	0	0	0	61.8761	1.27215e-06	1.27215e-06	0	0	0	2.62823	0.774217	0	1.85401		
1	1	6	76	1728		293.15	0	0	0.0195503	-0.00847395	-0.00847395	0	0	0	59.401	1.1778e-06	1.1778e-06	0	0	0	2.60849	0.751038	0	1.85745		
1	1	6	77	1731		293.15	0	0	0.0192238	-0.00834128	-0.00834128	0	0	0	56.926	1.08437e-06	1.08437e-06	0	0	0	2.5895	0.728533	0	1.86097		
1	1	6	78	1734		293.15	0	0	0.0188964	-0.00820819	-0.00820819	0	0	0	54.4509	9.92574e-07	9.92574e-07	0	0	0	2.57127	0.706706	0	1.86456		
1	1	6	79	1737		293.15	0	0	0.018568	-0.00807467	-0.00807467	0	0	0	51.9759	9.03747e-07	9.03747e-07	0	0	0	2.55379	0.685558	0	1.86823		
1	1	6	80	1740		293.15	0	0	0.0182386	-0.00794073	-0.00794073	0	0	0	49.5009	8.20196e-07	8.20196e-07	0	0	0	2.53708	0.665094	0	1.87199		
1	1	6	81	1743		293.15	0	0	0.0179084	-0.00780637	-0.00780637	0	0	0	47.0258	7.41189e-07	7.41189e-07	0	0	0	2.52114	0.645316	0	1.87583		
1	1	6	82	1746		293.15	0	0	0.0175772	-0.00767159	-0.00767159	0	0	0	44.5508	6.24107e-07	6.24107e-07	0	0	0	2.50598	0.626227	0	1.87975		
1	1	6	83	1749		293.15	0	0	0.017245	-0.00753641	-0.00753641	0	0	0	42.0757	4.92142e-07	4.92142e-07	0	0	0	2.49159	0.60783	0	1.88376		
1	1	6	84	1752		293.15	0	0	0.016912	-0.00740081	-0.00740081	0	0	0	39.6007	3.65832e-07	3.65832e-07	0	0	0	2.47799	0.590127	0	1.88786		
1	1	6	85	1755		293.15	0	0	0.016578	-0.00726481	-0.00726481	0	0	0	37.1256	2.43583e-07	2.43583e-07	0	0	0	2.46518	0.573122	0	1.89206		
1	1	6	86	1758		293.15	0	0	0.0162431	-0.00712841	-0.00712841	0	0	0	34.6506	1.23651e-07	1.23651e-07	0	0	0	2.45316	0.556816	0	1.89634		
1	1	6	87	1761		293.15	0	0	0.0159074	-0.00699162	-0.00699162	0	0	0	32.1756	5.05365e-09	5.05372e-09	0	0	0	2.44194	0.541213	0	1.90073		
1	1	6	88	1764		293.15	0	0	0.0155708	-0.00685443	-0.00685443	0	0	0	29.7005	-1.12775e-07	-1.12774e-07	0	0	0	2.43153	0.526315	0	1.90521		
1	1	6	89	1767		293.15	0	0	0.0152333	-0.00671685	-0.00671685	0	0	0	27.2255	-2.30179e-07	-2.30179e-07	0	0	0	2.42192	0.512124	0	1.9098		
1	1	6	90	1770		293.15	0	0	0.0148949	-0.00657888	-0.00657888	0	0	0	24.7504	-3.47383e-07	-3.47383e-07	0	0	0	2.41313	0.498644	0	1.91448		
1	1	6	91	1773		293.15	0	0	0.0145556	-0.00644052	-0.00644052	0	0	0	22.2754	-4.64533e-07	-4.64533e-07	0	0	0	2.40515	0.485877	0	1.91927		
1	1	6	92	1776		293.15	0	0	0.0142156	-0.00630179	-0.00630179	0	0	0	19.8003	-5.81732e-07	-5.81732e-07	0	0	0	2.398	0.473824	0	1.92417		
1	1	6	93	1779		293.15	0	0	0.0138746	-0.00616267	-0.00616267	0	0	0	17.3253	-6.99047e-07	-6.99047e-07	0	0	0	2.39167	0.462489	0	1.92918		
1	1	6	94	1782		293.15	0	0	0.0135328	-0.00602319	-0.00602319	0	0	0	14.8503	-8.16526e-07	-8.16526e-07	0	0	0	2.38617	0.451874	0	1.93429		
1	1	6	95	1785		293.15	0	0	0.0131902	-0.00588332	-0.00588332	0	0	0	12.3752	-9.34196e-07	-9.34196e-07	0	0	0	2.3815	0.441981	0	1.93952		
1	1	6	96	1788		293.15	0	0	0.0128468	-0.00574309	-0.00574309	0	0	0	9.90017	-1.05207e-06	-1.05207e-06	0	0	0	2.37768	0.432813	0	1.94487		
1	1	6	97	1791		293.15	0	0	0.0125025	-0.00560249	-0.00560249	0	0	0	7.42513	-1.17016e-06	-1.17016e-06	0	0	0	2.3747	0.424371	0	1.95033		
1	1	6	98	1794		293.15	0	0	0.0121574	-0.00546153	-0.00546153	0	0	0	4.95008	-1.28844e-06	-1.28844e-06	0	0	0	2.37256	0.416659	0	1.9559		
1	1	6	99	1797		293.15	0	0	0.0118116	-0.00532021	-0.00532021	0	0	0	2.47504	-1.4069e-06	-1.4069e-06	0	0	0	2.37128	0.409678	0	1.9616		
1	1	6	100	1800		293.15	0	0	0.0114649	-0.00517853	-0.00517853	0	0	0	-1.51188e-06	-1.52549e-06	-1.52549e-06	0	0	0	2.37085	0.40343	0	1.96742		
