1	1	1	1	0.01		290	0	0	0.0001	-3e-05	-3e-05	0	0	0	14	2.37903e-16	1.00924e-15	0	0	0	0.0007	0.0007	0	0		
1	1	1	2	0.02		290	0	0	0.0002	-6e-05	-6e-05	0	0	0	28	4.75806e-16	2.01848e-15	0	0	0	0.0028	0.0028	0	0		
1	1	1	3	0.03		290	0	0	0.0003	-9e-05	-9e-05	0	0	0	42	3.48147e-15	6.96932e-15	0	0	0	0.0063	0.0063	0	0		
1	1	1	4	0.04		290	0	0	0.0004	-0.00012	-0.00012	0	0	0	56	9.51613e-16	4.03696e-15	0	0	0	0.0112	0.0112	0	0		
1	1	1	5	0.05		290	0	0	0.0005	-0.000153916	-0.000153916	0	0	0	67.2589	-7.15395e-10	-7.15392e-10	0	0	0	0.0173629	0.0161985	3.81817e-07	0.0011641		
1	1	1	6	0.06		290	0	0	0.0006	-0.000191901	-0.000191901	0	0	0	75.669	1.08842e-07	1.08842e-07	0	0	0	0.0245093	0.0208065	3.52684e-06	0.00369928		
1	1	1	7	0.07		290	0	0	0.0007	-0.000230405	-0.000230405	0	0	0	83.7166	2.39774e-07	2.39774e-07	0	0	0	0.0324786	0.0259777	1.03664e-05	0.00649053		
1	1	1	8	0.08		290	0	0	0.0008	-0.000269459	-0.000269459	0	0	0	91.3789	3.92133e-07	3.92133e-07	0	0	0	0.0412334	0.0315956	2.16054e-05	0.00961622		
1	1	1	9	0.09		290	0	0	0.0009	-0.000309093	-0.000309093	0	0	0	98.635	5.63645e-07	5.63645e-07	0	0	0	0.0507341	0.0375445	3.80448e-05	0.0131515		
1	1	1	10	0.1		290	0	0	0.001	-0.000349331	-0.000349331	0	0	0	105.468	7.49139e-07	7.49139e-07	0	0	0	0.0609393	0.0437133	6.05771e-05	0.0171653		
1	1	1	11	0.11		290	0	0	0.0011	-0.00039019	-0.00039019	0	0	0	111.867	9.4053e-07	9.4053e-07	0	0	0	0.071806	0.0499993	9.01736e-05	0.0217166		
1	1	1	12	0.12		290	0	0	0.0012	-0.000431676	-0.000431676	0	0	0	117.827	1.12768e-06	1.12768e-06	0	0	0	0.0832907	0.056312	0.000127862	0.0268508		
1	1	1	13	0.13		290	0	0	0.0013	-0.000473785	-0.000473785	0	0	0	123.351	1.30011e-06	1.30011e-06	0	0	0	0.0953496	0.0625777	0.000174696	0.0325972		
1	1	1	14	0.14		290	0	0	0.0014	-0.000516499	-0.000516499	0	0	0	128.451	1.44919e-06	1.44919e-06	0	0	0	0.10794	0.068741	0.000231713	0.0389669		
1	1	1	15	0.15		290	0	0	0.0015	-0.000559788	-0.000559788	0	0	0	133.148	1.56989e-06	1.56989e-06	0	0	0	0.12102	0.0747669	0.000299898	0.0459528		
1	1	1	16	0.16		290	0	0	0.0016	-0.000603614	-0.000603614	0	0	0	137.47	1.66144e-06	1.66144e-06	0	0	0	0.134551	0.0806393	0.000380144	0.0535311		
1	1	1	17	0.17		290	0	0	0.0017	-0.000647927	-0.000647927	0	0	0	141.451	1.7267e-06	1.7267e-06	0	0	0	0.148497	0.086359	0.000473221	0.0616644		
1	1	1	18	0.18		290	0	0	0.0018	-0.000692675	-0.000692675	0	0	0	145.127	1.77066e-06	1.77066e-06	0	0	0	0.162826	0.0919398	0.000579767	0.070306		
1	1	1	19	0.19		290	0	0	0.0019	-0.000737804	-0.000737804	0	0	0	148.537	1.79884e-06	1.79884e-06	0	0	0	0.177509	0.0974039	0.000700279	0.0794046		
1	1	1	20	0.2		290	0	0	0.002	-0.000783262	-0.000783262	0	0	0	151.717	1.81621e-06	1.81621e-06	0	0	0	0.192521	0.102778	0.000835132	0.0889079		
1	1	1	21	0.21		290	0	0	0.0021	-0.000828998	-0.000828998	0	0	0	154.702	1.8266e-06	1.8266e-06	0	0	0	0.207842	0.108092	0.000984589	0.098766		
1	1	1	22	0.22		290	0	0	0.0022	-0.000874969	-0.000874969	0	0	0	157.522	1.8327e-06	1.8327e-06	0	0	0	0.223454	0.113371	0.00114883	0.108934		
1	1	1	23	0.23		290	0	0	0.0023	-0.000921137	-0.000921137	0	0	0	160.204	1.83624e-06	1.83624e-06	0	0	0	0.23934	0.11864	0.00132796	0.119372		
1	1	1	24	0.24		290	0	0	0.0024	-0.000967469	-0.000967469	0	0	0	162.772	1.83831e-06	1.83831e-06	0	0	0	0.255489	0.12392	0.00152207	0.130047		
1	1	1	25	0.25		290	0	0	0.0025	-0.00101394	-0.00101394	0	0	0	165.243	1.83953e-06	1.83953e-06	0	0	0	0.271889	0.129227	0.00173118	0.140932		
1	1	1	26	0.26		290	0	0	0.0026	-0.00106052	-0.00106052	0	0	0	167.633	1.84027e-06	1.84027e-06	0	0	0	0.288533	0.134574	0.00195533	0.152004		
1	1	1	27	0.27		290	0	0	0.0027	-0.00110721	-0.00110721	0	0	0	169.955	1.84073e-06	1.84073e-06	0	0	0	0.305413	0.139971	0.00219453	0.163247		
1	1	1	28	0.28		290	0	0	0.0028	-0.00115397	-0.00115397	0	0	0	172.218	1.84102e-06	1.84102e-06	0	0	0	0.322521	0.145424	0.0024488	0.174648		
1	1	1	29	0.29		290	0	0	0.0029	-0.00120081	-0.00120081	0	0	0	174.43	1.84122e-06	1.84122e-06	0	0	0	0.339854	0.150939	0.00271815	0.186197		
1	1	1	30	0.3		290	0	0	0.003	-0.00124772	-0.00124772	0	0	0	176.598	1.15445e-06	1.15445e-06	0	0	0	0.357405	0.156517	0.00300262	0.197886		
1	1	1	31	0.31		290	0	0	0.0031	-0.00129468	-0.00129468	0	0	0	178.726	5.97836e-07	5.97836e-07	0	0	0	0.375171	0.162159	0.00330223	0.20971		
1	1	1	32	0.32		290	0	0	0.0032	-0.00134169	-0.00134169	0	0	0	180.818	1.33832e-07	1.33832e-07	0	0	0	0.393148	0.167866	0.003617	0.221665		
1	1	1	33	0.33		290	0	0	0.0033	-0.00138875	-0.00138875	0	0	0	182.878	-2.63271e-07	-2.63271e-07	0	0	0	0.411333	0.173636	0.00394699	0.23375		
1	1	1	34	0.34		290	0	0	0.0034	-0.00143585	-0.00143585	0	0	0	184.906	-6.11278e-07	-6.11278e-07	0	0	0	0.429722	0.179467	0.00429223	0.245963		
1	1	1	35	0.35		290	0	0	0.0035	-0.00148299	-0.00148299	0	0	0	186.906	-9.22673e-07	-9.22673e-07	0	0	0	0.448313	0.185357	0.00465278	0.258304		
1	1	1	36	0.36		290	0	0	0.0036	-0.00153017	-0.00153017	0	0	0	188.879	-1.20631e-06	-1.20631e-06	0	0	0	0.467102	0.191302	0.00502867	0.270771		
1	1	1	37	0.37		290	0	0	0.0037	-0.00157739	-0.00157739	0	0	0	190.826	-1.46853e-06	-1.46853e-06	0	0	0	0.486088	0.197301	0.00541997	0.283367		
1	1	1	38	0.38		290	0	0	0.0038	-0.00162465	-0.00162465	0	0	0	192.748	-1.71395e-06	-1.71395e-06	0	0	0	0.505266	0.203348	0.00582673	0.296091		
1	1	1	39	0.39		290	0	0	0.0039	-0.00167193	-0.00167193	0	0	0	194.646	-1.94592e-06	-1.94592e-06	0	0	0	0.524636	0.209443	0.00624901	0.308944		
1	1	1	40	0.4		290	0	0	0.004	-0.00171926	-0.00171926	0	0	0	196.52	-2.16692e-06	-2.16692e-06	0	0	0	0.544194	0.215579	0.00668687	0.321928		
1	1	1	41	0.41		290	0	0	0.0041	-0.00176661	-0.00176661	0	0	0	198.371	-2.3788e-06	-2.3788e-06	0	0	0	0.563939	0.221756	0.00714037	0.335043		
1	1	1	42	0.42		290	0	0	0.0042	-0.001814	-0.001814	0	0	0	200.199	-2.58293e-06	-2.58293e-06	0	0	0	0.583867	0.227968	0.00760956	0.34829		
1	1	1	43	0.43		290	0	0	0.0043	-0.00186142	-0.00186142	0	0	0	202.005	-2.78035e-06	-2.78035e-06	0	0	0	0.603978	0.234212	0.00809451	0.361671		
1	1	1	44	0.44		290	0	0	0.0044	-0.00190887	-0.00190887	0	0	0	203.79	-2.97183e-06	-2.97183e-06	0	0	0	0.624267	0.240486	0.00859527	0.375186		
1	1	1	45	0.45		290	0	0	0.0045	-0.00195635	-0.00195635	0	0	0	205.553	-3.15797e-06	-3.15797e-06	0	0	0	0.644735	0.246786	0.00911192	0.388837		
1	1	1	46	0.46		290	0	0	0.0046	-0.00200387	-0.00200387	0	0	0	207.294	-3.33923e-06	-3.33923e-06	0	0	0	0.665377	0.253108	0.0096445	0.402625		
1	1	1	47	0.47		290	0	0	0.0047	-0.00205141	-0.00205141	0	0	0	209.015	-3.51597e-06	-3.51597e-06	0	0	0	0.686192	0.259449	0.0101931	0.41655		
1	1	1	48	0.48		290	0	0	0.0048	-0.00209898	-0.00209898	0	0	0	210.714	-3.68846e-06	-3.68846e-06	0	0	0	0.707179	0.265807	0.0107577	0.430614		
1	1	1	49	0.49		290	0	0	0.0049	-0.00214658	-0.00214658	0	0	0	212.394	-3.85692e-06	-3.85692e-06	0	0	0	0.728334	0.272179	0.0113385	0.444817		
1	1	1	50	0.5		290	0	0	0.005	-0.00219421	-0.00219421	0	0	0	214.053	-4.02152e-06	-4.02152e-06	0	0	0	0.749656	0.278561	0.0119354	0.45916		
1	1	1	51	0.51		290	0	0	0.0051	-0.00224187	-0.00224187	0	0	0	215.692	-4.18242e-06	-4.18242e-06	0	0	0	0.771144	0.284951	0.0125486	0.473644		
1	1	1	52	0.52		290	0	0	0.0052	-0.00228956	-0.00228956	0	0	0	217.311	-4.33973e-06	-4.33973e-06	0	0	0	0.792794	0.291346	0.013178	0.48827		
1	1	1	53	0.53		290	0	0	0.0053	-0.00233727	-0.00233727	0	0	0	218.911	-4.49354e-06	-4.49354e-06	0	0	0	0.814605	0.297743	0.0138238	0.503038		
1	1	1	54	0.54		290	0	0	0.0054	-0.00238501	-0.00238501	0	0	0	220.491	-4.64396e-06	-4.64396e-06	0	0	0	0.836575	0.304141	0.014486	0.517949		
1	1	1	55	0.55		290	0	0	0.0055	-0.00243278	-0.00243278	0	0	0	222.053	-4.79106e-06	-4.79106e-06	0	0	0	0.858702	0.310535	0.0151646	0.533002		
1	1	1	56	0.56		290	0	0	0.0056	-0.00248058	-0.00248058	0	0	0	223.595	-4.9349e-06	-4.9349e-06	0	0	0	0.880985	0.316925	0.0158598	0.5482		
1	1	1	57	0.57		290	0	0	0.0057	-0.0025284	-0.0025284	0	0	0	225.119	-5.07556e-06	-5.07556e-06	0	0	0	0.90342	0.323308	0.0165715	0.563541		
1	1	1	58	0.58		290	0	0	0.0058	-0.00257625	-0.00257625	0	0	0	226.624	-5.21309e-06	-5.21309e-06	0	0	0	0.926007	0.329682	0.0172998	0.579026		
1	1	1	59	0.59		290	0	0	0.0059	-0.00262413	-0.00262413	0	0	0	228.11	-5.34755e-06	-5.34755e-06	0	0	0	0.948744	0.336044	0.0180447	0.594656		
1	1	1	60	0.6		290	0	0	0.006	-0.00267203	-0.00267203	0	0	0	229.579	-5.47899e-06	-5.47899e-06	0	0	0	0.971629	0.342393	0.0188064	0.61043		
1	1	1	61	0.61		290	0	0	0.0061	-0.00271996	-0.00271996	0	0	0	231.03	-5.60748e-06	-5.60748e-06	0	0	0	0.994659	0.348726	0.0195848	0.626348		
1	1	1	62	0.62		290	0	0	0.0062	-0.00276791	-0.00276791	0	0	0	232.463	-5.73306e-06	-5.73306e-06	0	0	0	1.01783	0.355042	0.02038	0.642412		
1	1	1	63	0.63		290	0	0	0.0063	-0.00281589	-0.00281589	0	0	0	233.878	-5.85577e-06	-5.85577e-06	0	0	0	1.04115	0.361339	0.0211921	0.65862		
1	1	1	64	0.64		290	0	0	0.0064	-0.00286389	-0.00286389	0	0	0	235.276	-5.97568e-06	-5.97568e-06	0	0	0	1.06461	0.367615	0.022021	0.674972		
1	1	1	65	0.65		290	0	0	0.0065	-0.00291192	-0.00291192	0	0	0	236.658	-6.09283e-06	-6.09283e-06	0	0	0	1.08821	0.373869	0.022867	0.691469		
1	1	1	66	0.66		290	0	0	0.0066	-0.00295997	-0.00295997	0	0	0	238.022	-6.20726e-06	-6.20726e-06	0	0	0	1.11194	0.380099	0.0237298	0.70811		
1	1	1	67	0.67		290	0	0	0.0067	-0.00300804	-0.00300804	0	0	0	239.369	-6.31904e-06	-6.31904e-06	0	0	0	1.13581	0.386304	0.0246098	0.724895		
1	1	1	68	0.68		290	0	0	0.0068	-0.00305614	-0.00305614	0	0	0	240.7	-6.42819e-06	-6.42819e-06	0	0	0	1.15981	0.392482	0.0255067	0.741824		
1	1	1	69	0.69		290	0	0	0.0069	-0.00310426	-0.00310426	0	0	0	242.015	-6.53478e-06	-6.53478e-06	0	0	0	1.18395	0.398631	0.0264208	0.758896		
1	1	1	70	0.7		290	0	0	0.007	-0.00315241	-0.00315241	0	0	0	243.313	-6.63884e-06	-6.63885e-06	0	0	0	1.20821	0.404751	0.0273521	0.776111		
1	1	1	71	0.71		290	0	0	0.0071	-0.00320058	-0.00320058	0	0	0	244.595	-6.74043e-06	-6.74043e-06	0	0	0	1.23261	0.41084	0.0283005	0.793469		
1	1	1	72	0.72		290	0	0	0.0072	-0.00324877	-0.00324877	0	0	0	245.862	-6.83959e-06	-6.83959e-06	0	0	0	1.25713	0.416897	0.0292662	0.810969		
1	1	1	73	0.73		290	0	0	0.0073	-0.00329698	-0.00329698	0	0	0	247.113	-6.93637e-06	-6.93637e-06	0	0	0	1.28178	0.422921	0.0302491	0.828611		
1	1	1	74	0.74		290	0	0	0.0074	-0.00334522	-0.00334522	0	0	0	248.349	-7.0308e-06	-7.03081e-06	0	0	0	1.30655	0.42891	0.0312494	0.846395		
1	1	1	75	0.75		290	0	0	0.0075	-0.00339347	-0.00339347	0	0	0	249.569	-7.12295e-06	-7.12295e-06	0	0	0	1.33145	0.434865	0.032267	0.864319		
1	1	1	76	0.76		290	0	0	0.0076	-0.00344175	-0.00344175	0	0	0	250.775	-7.21284e-06	-7.21284e-06	0	0	0	1.35647	0.440783	0.0333019	0.882383		
1	1	1	77	0.77		290	0	0	0.0077	-0.00349005	-0.00349005	0	0	0	251.965	-7.30053e-06	-7.30053e-06	0	0	0	1.3816	0.446664	0.0343543	0.900586		
1	1	1	78	0.78		290	0	0	0.0078	-0.00353837	-0.00353837	0	0	0	253.141	-7.38605e-06	-7.38605e-06	0	0	0	1.40686	0.452507	0.0354241	0.918928		
1	1	1	79	0.79		290	0	0	0.0079	-0.00358671	-0.00358671	0	0	0	254.303	-7.46945e-06	-7.46945e-06	0	0	0	1.43223	0.458312	0.0365114	0.937409		
1	1	1	80	0.8		290	0	0	0.008	-0.00363507	-0.00363507	0	0	0	255.45	-7.55078e-06	-7.55078e-06	0	0	0	1.45772	0.464077	0.0376162	0.956027		
1	1	1	81	0.81		290	0	0	0.0081	-0.00368345	-0.00368345	0	0	0	256.583	-7.63008e-06	-7.63008e-06	0	0	0	1.48332	0.469801	0.0387386	0.974781		
1	1	1	82	0.82		290	0	0	0.0082	-0.00373185	-0.00373185	0	0	0	257.702	-7.70738e-06	-7.70738e-06	0	0	0	1.50904	0.475485	0.0398785	0.993672		
1	1	1	83	0.83		290	0	0	0.0083	-0.00378028	-0.00378028	0	0	0	258.807	-7.78273e-06	-7.78273e-06	0	0	0	1.53486	0.481127	0.0410361	1.0127		
1	1	1	84	0.84		290	0	0	0.0084	-0.00382872	-0.00382872	0	0	0	259.899	-7.85617e-06	-7.85617e-06	0	0	0	1.5608	0.486727	0.0422112	1.03186		
1	1	1	85	0.85		290	0	0	0.0085	-0.00387718	-0.00387718	0	0	0	260.977	-7.92774e-06	-7.92774e-06	0	0	0	1.58684	0.492285	0.0434041	1.05115		
1	1	1	86	0.86		290	0	0	0.0086	-0.00392565	-0.00392565	0	0	0	262.042	-7.99748e-06	-7.99748e-06	0	0	0	1.61299	0.497799	0.0446146	1.07058		
1	1	1	87	0.87		290	0	0	0.0087	-0.00397415	-0.00397415	0	0	0	263.094	-8.06543e-06	-8.06543e-06	0	0	0	1.63925	0.50327	0.0458428	1.09014		
1	1	1	88	0.88		290	0	0	0.0088	-0.00402267	-0.00402267	0	0	0	264.133	-8.13163e-06	-8.13163e-06	0	0	0	1.66561	0.508696	0.0470888	1.10982		
1	1	1	89	0.89		290	0	0	0.0089	-0.0040712	-0.0040712	0	0	0	265.16	-8.19611e-06	-8.19611e-06	0	0	0	1.69207	0.514078	0.0483526	1.12964		
1	1	1	90	0.9		290	0	0	0.009	-0.00411975	-0.00411975	0	0	0	266.173	-8.25892e-06	-8.25892e-06	0	0	0	1.71864	0.519415	0.0496341	1.14959		
1	1	1	91	0.91		290	0	0	0.0091	-0.00416832	-0.00416832	0	0	0	267.174	-8.32008e-06	-8.32008e-06	0	0	0	1.74531	0.524707	0.0509335	1.16967		
1	1	1	92	0.92		290	0	0	0.0092	-0.00421691	-0.00421691	0	0	0	268.163	-8.37965e-06	-8.37965e-06	0	0	0	1.77208	0.529954	0.0522507	1.18987		
1	1	1	93	0.93		290	0	0	0.0093	-0.00426551	-0.00426551	0	0	0	269.14	-8.43764e-06	-8.43764e-06	0	0	0	1.79894	0.535155	0.0535858	1.2102		
1	1	1	94	0.94		290	0	0	0.0094	-0.00431414	-0.00431414	0	0	0	270.105	-8.49411e-06	-8.49411e-06	0	0	0	1.8259	0.54031	0.0549388	1.23065		
1	1	1	95	0.95		290	0	0	0.0095	-0.00436277	-0.00436277	0	0	0	271.058	-8.54908e-06	-8.54908e-06	0	0	0	1.85296	0.545419	0.0563097	1.25123		
1	1	1	96	0.96		290	0	0	0.0096	-0.00441143	-0.00441143	0	0	0	272	-8.60258e-06	-8.60259e-06	0	0	0	1.88011	0.550482	0.0576985	1.27193		
1	1	1	97	0.97		290	0	0	0.0097	-0.0044601	-0.0044601	0	0	0	272.93	-8.65466e-06	-8.65466e-06	0	0	0	1.90736	0.555498	0.0591052	1.29276		
1	1	1	98	0.98		290	0	0	0.0098	-0.00450879	-0.00450879	0	0	0	273.848	-8.70535e-06	-8.70535e-06	0	0	0	1.9347	0.560468	0.06053	1.3137		
1	1	1	99	0.99		290	0	0	0.0099	-0.00455749	-0.00455749	0	0	0	274.756	-8.75467e-06	-8.75467e-06	0	0	0	1.96213	0.565391	0.0619727	1.33477		
1	1	1	100	1		290	0	0	0.01	-0.00460621	-0.00460621	0	0	0	275.652	-8.80266e-06	-8.80266e-06	0	0	0	1.98965	0.570268	0.0634335	1.35595		
1	1	2	1	1.01		290	0	0	0.0098	-0.00454621	-0.00454621	0	0	0	247.652	-8.71463e-06	-8.71463e-06	0	0	0	1.93732	0.517937	0.0634335	1.35595		
1	1	2	2	1.02		290	0	0	0.0096	-0.00448621	-0.00448621	0	0	0	219.652	-8.62661e-06	-8.62661e-06	0	0	0	1.89059	0.471207	0.0634335	1.35595		
1	1	2	3	1.03		290	0	0	0.0094	-0.00442621	-0.00442621	0	0	0	191.652	-8.53858e-06	-8.53858e-06	0	0	0	1.84946	0.430076	0.0634335	1.35595		
1	1	2	4	1.04		290	0	0	0.0092	-0.00436621	-0.00436621	0	0	0	163.652	-8.45055e-06	-8.45055e-06	0	0	0	1.81393	0.394546	0.0634335	1.35595		
1	1	2	5	1.05		290	0	0	0.009	-0.00430621	-0.00430621	0	0	0	135.652	-8.36253e-06	-8.36253e-06	0	0	0	1.784	0.364615	0.0634335	1.35595		
1	1	2	6	1.06		290	0	0	0.0088	-0.00424246	-0.00424246	0	0	0	110.281	-8.74123e-06	-8.74123e-06	0	0	0	1.7594	0.335736	0.0637285	1.35994		
1	1	2	7	1.07		290	0	0	0.0086	-0.00417226	-0.00417226	0	0	0	89.4155	-8.92013e-06	-8.92013e-06	0	0	0	1.73943	0.304827	0.0645328	1.37007		
1	1	2	8	1.08		290	0	0	0.0084	-0.00410096	-0.00410096	0	0	0	69.3308	-9.24477e-06	-9.24477e-06	0	0	0	1.72356	0.278334	0.0654308	1.3798		
1	1	2	9	1.09		290	0	0	0.0082	-0.00402835	-0.00402835	0	0	0	50.1525	-9.78369e-06	-9.78369e-06	0	0	0	1.71161	0.255618	0.0664389	1.38955		
1	1	2	10	1.1		290	0	0	0.008	-0.00395426	-0.00395426	0	0	0	32.0201	-9.69288e-06	-9.69288e-06	0	0	0	1.70339	0.235976	0.0675756	1.39984		
1	1	2	11	1.11		290	0	0	0.0078	-0.00387846	-0.00387846	0	0	0	15.0782	-9.60062e-06	-9.60062e-06	0	0	0	1.69868	0.218661	0.0688607	1.41116		
1	1	2	12	1.12		290	0	0	0.0076	-0.00380077	-0.00380077	0	0	0	-0.540348	-9.50694e-06	-9.50694e-06	0	0	0	1.69723	0.202944	0.0703138	1.42397		
1	1	2	13	1.13		290	0	0	0.0074	-0.00372106	-0.00372106	0	0	0	-14.7397	-9.41265e-06	-9.41265e-06	0	0	0	1.69876	0.188185	0.071951	1.43862		
1	1	2	14	1.14		290	0	0	0.0072	-0.00363927	-0.00363927	0	0	0	-27.491	-9.31917e-06	-9.31917e-06	0	0	0	1.70298	0.173931	0.0737816	1.45527		
1	1	2	15	1.15		290	0	0	0.007	-0.00355551	-0.00355551	0	0	0	-38.8547	-9.22755e-06	-9.22756e-06	0	0	0	1.70962	0.159984	0.0758047	1.47383		
1	1	2	16	1.16		290	0	0	0.0068	-0.00346997	-0.00346997	0	0	0	-48.9802	-9.81021e-06	-9.81021e-06	0	0	0	1.7184	0.146399	0.0780085	1.49399		
1	1	2	17	1.17		290	0	0	0.0066	-0.00338297	-0.00338297	0	0	0	-58.076	-1.0051e-05	-1.0051e-05	0	0	0	1.72911	0.133415	0.080373	1.51532		
1	1	2	18	1.18		290	0	0	0.0064	-0.00329481	-0.00329481	0	0	0	-66.3663	-1.01036e-05	-1.01036e-05	0	0	0	1.74155	0.121334	0.0828753	1.53734		
1	1	2	19	1.19		290	0	0	0.0062	-0.00320579	-0.00320579	0	0	0	-74.052	-1.0072e-05	-1.0072e-05	0	0	0	1.75559	0.110432	0.085494	1.55967		
1	1	2	20	1.2		290	0	0	0.006	-0.00311613	-0.00311613	0	0	0	-81.2918	-1.00069e-05	-1.00069e-05	0	0	0	1.77113	0.100902	0.0882115	1.58201		
1	1	2	21	1.21		290	0	0	0.0058	-0.003026	-0.003026	0	0	0	-88.1997	-9.92895e-06	-9.92895e-06	0	0	0	1.78807	0.092856	0.0910154	1.6042		
1	1	2	22	1.22		290	0	0	0.0056	-0.0029355	-0.0029355	0	0	0	-94.8532	-9.846e-06	-9.846e-06	0	0	0	1.80638	0.0863337	0.0938971	1.62615		
1	1	2	23	1.23		290	0	0	0.0054	-0.00284472	-0.00284472	0	0	0	-101.302	-9.76094e-06	-9.76094e-06	0	0	0	1.826	0.0813271	0.0968512	1.64782		
1	1	2	24	1.24		290	0	0	0.0052	-0.00275369	-0.00275369	0	0	0	-107.58	-9.6749e-06	-9.6749e-06	0	0	0	1.84688	0.0777965	0.0998744	1.66921		
1	1	2	25	1.25		290	0	0	0.005	-0.00266243	-0.00266243	0	0	0	-113.704	-9.58838e-06	-9.58838e-06	0	0	0	1.86901	0.0756836	0.102965	1.69036		
1	1	2	26	1.26		290	0	0	0.0048	-0.00257099	-0.00257099	0	0	0	-119.69	-9.50159e-06	-9.50159e-06	0	0	0	1.89235	0.07492	0.106122	1.71131		
1	1	2	27	1.27		290	0	0	0.0046	-0.00247935	-0.00247935	0	0	0	-125.544	-9.41464e-06	-9.41464e-06	0	0	0	1.91688	0.0754322	0.109345	1.7321		
1	1	2	28	1.28		290	0	0	0.0044	-0.00238753	-0.00238753	0	0	0	-131.273	-9.32759e-06	-9.32759e-06	0	0	0	1.94256	0.077145	0.112635	1.75278		
1	1	2	29	1.29		290	0	0	0.0042	-0.00229554	-0.00229554	0	0	0	-136.88	-9.24046e-06	-9.24046e-06	0	0	0	1.96937	0.0799836	0.11599	1.7734		
1	1	2	30	1.3		290	0	0	0.004	-0.00220338	-0.00220338	0	0	0	-142.367	-9.15329e-06	-9.15329e-06	0	0	0	1.9973	0.0838743	0.119412	1.79401		
1	1	2	31	1.31		290	0	0	0.0038	-0.00211105	-0.00211105	0	0	0	-147.738	-9.06607e-06	-9.06607e-06	0	0	0	2.02631	0.0887455	0.122901	1.81466		
1	1	2	32	1.32		290	0	0	0.0036	-0.00201856	-0.00201856	0	0	0	-152.994	-8.97881e-06	-8.97881e-06	0	0	0	2.05638	0.0945278	0.126458	1.83539		
1	1	2	33	1.33		290	0	0	0.0034	-0.00192591	-0.00192591	0	0	0	-158.137	-8.89152e-06	-8.89152e-06	0	0	0	2.08749	0.101155	0.130083	1.85626		
1	1	2	34	1.34		290	0	0	0.0032	-0.0018331	-0.0018331	0	0	0	-163.168	-8.80419e-06	-8.80419e-06	0	0	0	2.11962	0.108562	0.133775	1.87729		
1	1	2	35	1.35		290	0	0	0.003	-0.00174013	-0.00174013	0	0	0	-168.089	-8.71684e-06	-8.71684e-06	0	0	0	2.15275	0.116687	0.137537	1.89853		
1	1	2	36	1.36		290	0	0	0.0028	-0.001647	-0.001647	0	0	0	-172.903	-8.62945e-06	-8.62945e-06	0	0	0	2.18685	0.125473	0.141368	1.92001		
1	1	2	37	1.37		290	0	0	0.0026	-0.00155373	-0.00155373	0	0	0	-177.609	-8.54203e-06	-8.54203e-06	0	0	0	2.2219	0.134862	0.145268	1.94177		
1	1	2	38	1.38		290	0	0	0.0024	-0.0014603	-0.0014603	0	0	0	-182.211	-8.45459e-06	-8.45459e-06	0	0	0	2.25788	0.144801	0.149238	1.96384		
1	1	2	39	1.39		290	0	0	0.0022	-0.00136673	-0.00136673	0	0	0	-186.71	-8.36711e-06	-8.36711e-06	0	0	0	2.29477	0.155238	0.153278	1.98626		
1	1	2	40	1.4		290	0	0	0.002	-0.00127301	-0.00127301	0	0	0	-191.106	-8.27961e-06	-8.27961e-06	0	0	0	2.33256	0.166125	0.15739	2.00904		
1	1	2	41	1.41		290	0	0	0.0018	-0.00117915	-0.00117915	0	0	0	-195.403	-8.19208e-06	-8.19208e-06	0	0	0	2.37121	0.177416	0.161572	2.03222		
1	1	2	42	1.42		290	0	0	0.0016	-0.00108515	-0.00108515	0	0	0	-199.601	-8.10453e-06	-8.10453e-06	0	0	0	2.41071	0.189066	0.165826	2.05582		
1	1	2	43	1.43		290	0	0	0.0014	-0.000991005	-0.000991005	0	0	0	-203.703	-8.01695e-06	-8.01695e-06	0	0	0	2.45104	0.201034	0.170151	2.07985		
1	1	2	44	1.44		290	0	0	0.0012	-0.000896728	-0.000896728	0	0	0	-207.71	-7.92935e-06	-7.92935e-06	0	0	0	2.49218	0.21328	0.174548	2.10435		
1	1	2	45	1.45		290	0	0	0.001	-0.000802319	-0.000802319	0	0	0	-211.623	-7.84173e-06	-7.84173e-06	0	0	0	2.53411	0.225767	0.179018	2.12933		
1	1	2	46	1.46		290	0	0	0.0008	-0.000707778	-0.000707778	0	0	0	-215.445	-7.75408e-06	-7.75408e-06	0	0	0	2.57682	0.23846	0.18356	2.1548		
1	1	2	47	1.47		290	0	0	0.0006	-0.000613109	-0.000613109	0	0	0	-219.176	-7.66642e-06	-7.66642e-06	0	0	0	2.62028	0.251326	0.188176	2.18078		
1	1	2	48	1.48		290	0	0	0.0004	-0.000518314	-0.000518314	0	0	0	-222.82	-7.57873e-06	-7.57873e-06	0	0	0	2.66448	0.264333	0.192864	2.20728		
1	1	2	49	1.49		290	0	0	0.0002	-0.000423395	-0.000423395	0	0	0	-226.376	-7.49102e-06	-7.49102e-06	0	0	0	2.7094	0.277451	0.197626	2.23432		
1	1	2	50	1.5		290	0	0	-4.66207e-18	-0.000328355	-0.000328355	0	0	0	-229.848	-7.40329e-06	-7.40329e-06	0	0	0	2.75502	0.290655	0.202461	2.26191		
1	1	2	51	1.51		290	0	0	-0.0002	-0.000233195	-0.000233195	0	0	0	-233.237	-7.31555e-06	-7.31555e-06	0	0	0	2.80133	0.303916	0.20737	2.29005		
1	1	2	52	1.52		290	0	0	-0.0004	-0.00013792	-0.00013792	0	0	0	-236.544	-7.22779e-06	-7.22779e-06	0	0	0	2.84831	0.317212	0.212353	2.31874		
1	1	2	53	1.53		290	0	0	-0.0006	-4.25299e-05	-4.25299e-05	0	0	0	-239.771	-7.14001e-06	-7.14001e-06	0	0	0	2.89594	0.33052	0.21741	2.34801		
1	1	2	54	1.54		290	0	0	-0.0008	5.29717e-05	5.29717e-05	0	0	0	-242.92	-7.05221e-06	-7.05221e-06	0	0	0	2.94421	0.343819	0.222541	2.37785		
1	1	2	55	1.55		290	0	0	-0.001	0.000148583	0.000148583	0	0	0	-245.992	-6.9644e-06	-6.9644e-06	0	0	0	2.9931	0.35709	0.227747	2.40826		
1	1	2	56	1.56		290	0	0	-0.0012	0.000244301	0.000244301	0	0	0	-248.99	-6.87658e-06	-6.87658e-06	0	0	0	3.0426	0.370314	0.233028	2.43926		
1	1	2	57	1.57		290	0	0	-0.0014	0.000340123	0.000340123	0	0	0	-251.914	-6.78874e-06	-6.78874e-06	0	0	0	3.09269	0.383475	0.238383	2.47083		
1	1	2	58	1.58		290	0	0	-0.0016	0.000436048	0.000436048	0	0	0	-254.766	-6.7009e-06	-6.7009e-06	0	0	0	3.14336	0.396557	0.243813	2.50299		
1	1	2	59	1.59		290	0	0	-0.0018	0.000532074	0.000532074	0	0	0	-257.548	-6.61303e-06	-6.61303e-06	0	0	0	3.19459	0.409547	0.249319	2.53572		
1	1	2	60	1.6		290	0	0	-0.002	0.000628197	0.000628197	0	0	0	-260.262	-6.52516e-06	-6.52516e-06	0	0	0	3.24637	0.42243	0.254899	2.56904		
1	1	2	61	1.61		290	0	0	-0.0022	0.000724416	0.000724416	0	0	0	-262.909	-6.43728e-06	-6.43728e-06	0	0	0	3.29869	0.435197	0.260554	2.60294		
1	1	2	62	1.62		290	0	0	-0.0024	0.000820728	0.000820728	0	0	0	-265.491	-6.34939e-06	-6.34939e-06	0	0	0	3.35153	0.447835	0.266285	2.63741		
1	1	2	63	1.63		290	0	0	-0.0026	0.000917131	0.000917131	0	0	0	-268.008	-6.26149e-06	-6.26149e-06	0	0	0	3.40488	0.460335	0.272091	2.67245		
1	1	2	64	1.64		290	0	0	-0.0028	0.00101362	0.00101362	0	0	0	-270.464	-6.17357e-06	-6.17357e-06	0	0	0	3.45872	0.472688	0.277972	2.70806		
1	1	2	65	1.65		290	0	0	-0.003	0.0011102	0.0011102	0	0	0	-272.858	-6.08566e-06	-6.08566e-06	0	0	0	3.51306	0.484887	0.283929	2.74424		
1	1	2	66	1.66		290	0	0	-0.0032	0.00120687	0.00120687	0	0	0	-275.193	-5.31019e-06	-5.31019e-06	0	0	0	3.56786	0.496923	0.289961	2.78098		
1	1	2	67	1.67		290	0	0	-0.0034	0.00130361	0.00130361	0	0	0	-277.471	-4.5686e-06	-4.5686e-06	0	0	0	3.62313	0.508792	0.296068	2.81827		
1	1	2	68	1.68		290	0	0	-0.0036	0.00140044	0.00140044	0	0	0	-279.691	-3.85954e-06	-3.85954e-06	0	0	0	3.67884	0.520487	0.302251	2.85611		
1	1	2	69	1.69		290	0	0	-0.0038	0.00149735	0.00149735	0	0	0	-281.857	-3.18165e-06	-3.18165e-06	0	0	0	3.735	0.532004	0.30851	2.89449		
1	1	2	70	1.7		290	0	0	-0.004	0.00159433	0.00159433	0	0	0	-283.969	-2.53364e-06	-2.53364e-06	0	0	0	3.79158	0.543338	0.314844	2.9334		
1	1	2	71	1.71		290	0	0	-0.0042	0.00169139	0.00169139	0	0	0	-286.029	-1.91422e-06	-1.91422e-06	0	0	0	3.84858	0.554487	0.321253	2.97284		
1	1	2	72	1.72		290	0	0	-0.0044	0.00178852	0.00178852	0	0	0	-288.038	-1.32217e-06	-1.32217e-06	0	0	0	3.90599	0.565446	0.327738	3.0128		
1	1	2	73	1.73		290	0	0	-0.0046	0.00188572	0.00188572	0	0	0	-289.997	-7.56271e-07	-7.56271e-07	0	0	0	3.96379	0.576215	0.334298	3.05328		
1	1	2	74	1.74		290	0	0	-0.0048	0.00198299	0.00198299	0	0	0	-291.908	-2.1536e-07	-2.1536e-07	0	0	0	4.02198	0.586791	0.340934	3.09426		
1	1	2	75	1.75		290	0	0	-0.005	0.00208033	0.00208033	0	0	0	-293.771	3.01693e-07	3.01693e-07	0	0	0	4.08055	0.597173	0.347645	3.13573		
1	1	2	76	1.76		290	0	0	-0.0052	0.00217773	0.00217773	0	0	0	-295.589	7.95986e-07	7.95986e-07	0	0	0	4.13949	0.607359	0.354432	3.17769		
1	1	2	77	1.77		290	0	0	-0.0054	0.0022752	0.0022752	0	0	0	-297.363	1.26858e-06	1.26858e-06	0	0	0	4.19878	0.61735	0.361294	3.22014		
1	1	2	78	1.78		290	0	0	-0.0056	0.00237272	0.00237272	0	0	0	-299.093	1.72048e-06	1.72048e-06	0	0	0	4.25843	0.627146	0.368231	3.26305		
1	1	2	79	1.79		290	0	0	-0.0058	0.00247031	0.00247031	0	0	0	-300.78	2.1527e-06	2.1527e-06	0	0	0	4.31841	0.636746	0.375243	3.30643		
1	1	2	80	1.8		290	0	0	-0.006	0.00256796	0.00256796	0	0	0	-302.427	2.56617e-06	2.56617e-06	0	0	0	4.37873	0.646151	0.38233	3.35025		
1	1	2	81	1.81		290	0	0	-0.0062	0.00266567	0.00266567	0	0	0	-304.034	2.96181e-06	2.96181e-06	0	0	0	4.43938	0.655362	0.389493	3.39453		
1	1	2	82	1.82		290	0	0	-0.0064	0.00276343	0.00276343	0	0	0	-305.602	3.3405e-06	3.3405e-06	0	0	0	4.50034	0.66438	0.39673	3.43923		
1	1	2	83	1.83		290	0	0	-0.0066	0.00286124	0.00286124	0	0	0	-307.132	3.70308e-06	3.70308e-06	0	0	0	4.56162	0.673207	0.404043	3.48437		
1	1	2	84	1.84		290	0	0	-0.0068	0.00295911	0.00295911	0	0	0	-308.625	4.05036e-06	4.05036e-06	0	0	0	4.62319	0.681845	0.41143	3.52992		
1	1	2	85	1.85		290	0	0	-0.007	0.00305702	0.00305702	0	0	0	-310.083	4.38313e-06	4.38313e-06	0	0	0	4.68506	0.690294	0.418892	3.57588		
1	1	2	86	1.86		290	0	0	-0.0072	0.00315499	0.00315499	0	0	0	-311.506	4.70212e-06	4.70212e-06	0	0	0	4.74722	0.698558	0.426429	3.62224		
1	1	2	87	1.87		290	0	0	-0.0074	0.00325301	0.00325301	0	0	0	-312.896	5.00804e-06	5.00804e-06	0	0	0	4.80966	0.706637	0.43404	3.66899		
1	1	2	88	1.88		290	0	0	-0.0076	0.00335107	0.00335107	0	0	0	-314.252	5.30158e-06	5.30158e-06	0	0	0	4.87238	0.714536	0.441726	3.71612		
1	1	2	89	1.89		290	0	0	-0.0078	0.00344918	0.00344918	0	0	0	-315.577	5.58339e-06	5.58339e-06	0	0	0	4.93536	0.722256	0.449486	3.76362		
1	1	2	90	1.9		290	0	0	-0.008	0.00354733	0.00354733	0	0	0	-316.872	5.85409e-06	5.85409e-06	0	0	0	4.99861	0.729799	0.457321	3.81149		
1	1	2	91	1.91		290	0	0	-0.0082	0.00364552	0.00364552	0	0	0	-318.136	6.11427e-06	6.11427e-06	0	0	0	5.06211	0.737169	0.465229	3.85971		
1	1	2	92	1.92		290	0	0	-0.0084	0.00374376	0.00374376	0	0	0	-319.371	6.36451e-06	6.36451e-06	0	0	0	5.12586	0.744369	0.473212	3.90828		
1	1	2	93	1.93		290	0	0	-0.0086	0.00384203	0.00384203	0	0	0	-320.578	6.60532e-06	6.60532e-06	0	0	0	5.18985	0.7514	0.481269	3.95718		
1	1	2	94	1.94		290	0	0	-0.0088	0.00394035	0.00394035	0	0	0	-321.757	6.83724e-06	6.83724e-06	0	0	0	5.25409	0.758267	0.4894	4.00642		
1	1	2	95	1.95		290	0	0	-0.009	0.0040387	0.0040387	0	0	0	-322.91	7.06075e-06	7.06075e-06	0	0	0	5.31855	0.764971	0.497605	4.05598		
1	1	2	96	1.96		290	0	0	-0.0092	0.00413709	0.00413709	0	0	0	-324.037	7.27631e-06	7.27631e-06	0	0	0	5.38325	0.771517	0.505883	4.10585		
1	1	2	97	1.97		290	0	0	-0.0094	0.00423552	0.00423552	0	0	0	-325.139	7.48436e-06	7.48436e-06	0	0	0	5.44816	0.777908	0.514235	4.15602		
1	1	2	98	1.98		290	0	0	-0.0096	0.00433398	0.00433398	0	0	0	-326.217	7.68532e-06	7.68532e-06	0	0	0	5.5133	0.784145	0.52266	4.2065		
1	1	2	99	1.99		290	0	0	-0.0098	0.00443247	0.00443247	0	0	0	-327.271	7.8796e-06	7.8796e-06	0	0	0	5.57865	0.790234	0.531159	4.25726		
1	1	2	100	2		290	0	0	-0.01	0.004531	0.004531	0	0	0	-328.302	8.06757e-06	8.06757e-06	0	0	0	5.64421	0.796176	0.539731	4.3083		
2	1	1	1	2.01		290	0	0	-0.00975	0.004456	0.004456	0	0	0	-293.302	7.98689e-06	7.98689e-06	0	0	0	5.56651	0.718475	0.539731	4.3083		
2	1	1	2	2.02		290	0	0	-0.0095	0.004381	0.004381	0	0	0	-258.302	7.90622e-06	7.90622e-06	0	0	0	5.49756	0.649524	0.539731	4.3083		
2	1	1	3	2.03		290	0	0	-0.00925	0.004306	0.004306	0	0	0	-223.302	7.82554e-06	7.82554e-06	0	0	0	5.43735	0.589324	0.539731	4.3083		
2	1	1	4	2.04		290	0	0	-0.009	0.004231	0.004231	0	0	0	-188.302	7.74487e-06	7.74487e-06	0	0	0	5.3859	0.537873	0.539731	4.3083		
2	1	1	5	2.05		290	0	0	-0.00875	0.004156	0.004156	0	0	0	-153.302	7.66419e-06	7.66419e-06	0	0	0	5.3432	0.495173	0.539731	4.3083		
2	1	1	6	2.06		290	0	0	-0.0085	0.004081	0.004081	0	0	0	-118.302	7.58351e-06	7.58351e-06	0	0	0	5.30925	0.461222	0.539731	4.3083		
2	1	1	7	2.07		290	0	0	-0.00825	0.00399557	0.00399557	0	0	0	-90.604	7.48228e-06	7.48228e-06	0	0	0	5.28314	0.419884	0.542063	4.32119		
2	1	1	8	2.08		290	0	0	-0.008	0.00390692	0.00390692	0	0	0	-65.1585	7.39923e-06	7.39923e-06	0	0	0	5.26367	0.382728	0.545122	4.33582		
2	1	1	9	2.09		290	0	0	-0.00775	0.00381632	0.00381632	0	0	0	-41.0751	7.31383e-06	7.31383e-06	0	0	0	5.25039	0.3511	0.548627	4.35066		
2	1	1	10	2.1		290	0	0	-0.0075	0.00372341	0.00372341	0	0	0	-18.6157	7.22452e-06	7.22452e-06	0	0	0	5.24293	0.323579	0.552667	4.36668		
2	1	1	11	2.11		290	0	0	-0.00725	0.00362779	0.00362779	0	0	0	1.95162	7.13026e-06	7.13026e-06	0	0	0	5.24085	0.298685	0.557334	4.38483		
2	1	1	12	2.12		290	0	0	-0.007	0.00352915	0.00352915	0	0	0	20.4073	7.03291e-06	7.03291e-06	0	0	0	5.24364	0.275077	0.562708	4.40586		
2	1	1	13	2.13		290	0	0	-0.00675	0.00342737	0.00342737	0	0	0	36.6608	6.93783e-06	6.93783e-06	0	0	0	5.25077	0.25184	0.568826	4.43011		
2	1	1	14	2.14		290	0	0	-0.0065	0.0033226	0.0033226	0	0	0	50.822	6.84905e-06	6.84905e-06	0	0	0	5.26171	0.228716	0.575665	4.45733		
2	1	1	15	2.15		290	0	0	-0.00625	0.00321529	0.00321529	0	0	0	63.2001	6.7654e-06	6.7654e-06	0	0	0	5.27596	0.206098	0.583133	4.48673		
2	1	1	16	2.16		290	0	0	-0.006	0.00310602	0.00310602	0	0	0	74.2108	7.0688e-06	7.0688e-06	0	0	0	5.29314	0.184731	0.591103	4.5173		
2	1	1	17	2.17		290	0	0	-0.00575	0.00299536	0.00299536	0	0	0	84.2518	7.11224e-06	7.11224e-06	0	0	0	5.31295	0.16534	0.599451	4.54816		
2	1	1	18	2.18		290	0	0	-0.0055	0.00288375	0.00288375	0	0	0	93.6276	7.0729e-06	7.0729e-06	0	0	0	5.33518	0.148419	0.608079	4.57868		
2	1	1	19	2.19		290	0	0	-0.00525	0.00277148	0.00277148	0	0	0	102.539	7.00842e-06	7.00842e-06	0	0	0	5.3597	0.134212	0.616925	4.60857		
2	1	1	20	2.2		290	0	0	-0.005	0.00265872	0.00265872	0	0	0	111.105	6.93573e-06	6.93573e-06	0	0	0	5.38641	0.122772	0.62595	4.63769		
2	1	1	21	2.21		290	0	0	-0.00475	0.00254556	0.00254556	0	0	0	119.395	6.86e-06	6.86e-06	0	0	0	5.41522	0.114039	0.635133	4.66605		
2	1	1	22	2.22		290	0	0	-0.0045	0.00243207	0.00243207	0	0	0	127.447	6.78297e-06	6.78297e-06	0	0	0	5.44608	0.107894	0.644463	4.69372		
2	1	1	23	2.23		290	0	0	-0.00425	0.00231826	0.00231826	0	0	0	135.282	6.70531e-06	6.70531e-06	0	0	0	5.47892	0.104185	0.653934	4.7208		
2	1	1	24	2.24		290	0	0	-0.004	0.00220416	0.00220416	0	0	0	142.911	6.6273e-06	6.6273e-06	0	0	0	5.51369	0.102752	0.663544	4.74739		
2	1	1	25	2.25		290	0	0	-0.00375	0.00208978	0.00208978	0	0	0	150.344	6.54908e-06	6.54908e-06	0	0	0	5.55035	0.103432	0.673291	4.77362		
2	1	1	26	2.26		290	0	0	-0.0035	0.00197512	0.00197512	0	0	0	157.583	6.4707e-06	6.4707e-06	0	0	0	5.58884	0.106064	0.683175	4.7996		
2	1	1	27	2.27		290	0	0	-0.00325	0.00186019	0.00186019	0	0	0	164.635	6.39219e-06	6.39219e-06	0	0	0	5.62912	0.110493	0.693195	4.82543		
2	1	1	28	2.28		290	0	0	-0.003	0.001745	0.001745	0	0	0	171.501	6.31357e-06	6.31357e-06	0	0	0	5.67113	0.116569	0.703352	4.85121		
2	1	1	29	2.29		290	0	0	-0.00275	0.00162955	0.00162955	0	0	0	178.186	6.23484e-06	6.23484e-06	0	0	0	5.71484	0.124149	0.713646	4.87705		
2	1	1	30	2.3		290	0	0	-0.0025	0.00151384	0.00151384	0	0	0	184.691	6.15602e-06	6.15601e-06	0	0	0	5.7602	0.133096	0.724078	4.90303		
2	1	1	31	2.31		290	0	0	-0.00225	0.00139789	0.00139789	0	0	0	191.021	6.07709e-06	6.07709e-06	0	0	0	5.80717	0.143283	0.734646	4.92924		
2	1	1	32	2.32		290	0	0	-0.002	0.00128168	0.00128168	0	0	0	197.178	5.99808e-06	5.99807e-06	0	0	0	5.85569	0.154585	0.745353	4.95575		
2	1	1	33	2.33		290	0	0	-0.00175	0.00116524	0.00116524	0	0	0	203.165	5.91897e-06	5.91897e-06	0	0	0	5.90573	0.166888	0.756197	4.98265		
2	1	1	34	2.34		290	0	0	-0.0015	0.00104855	0.00104855	0	0	0	208.985	5.83977e-06	5.83977e-06	0	0	0	5.95725	0.180081	0.767179	5.00999		
2	1	1	35	2.35		290	0	0	-0.00125	0.000931631	0.000931631	0	0	0	214.642	5.76048e-06	5.76048e-06	0	0	0	6.01021	0.194061	0.778298	5.03785		
2	1	1	36	2.36		290	0	0	-0.001	0.000814483	0.000814483	0	0	0	220.138	5.68111e-06	5.68111e-06	0	0	0	6.06455	0.208732	0.789555	5.06627		
2	1	1	37	2.37		290	0	0	-0.00075	0.00069711	0.00069711	0	0	0	225.477	5.60166e-06	5.60166e-06	0	0	0	6.12026	0.224002	0.80095	5.0953		
2	1	1	38	2.38		290	0	0	-0.0005	0.000579518	0.000579518	0	0	0	230.663	5.52213e-06	5.52213e-06	0	0	0	6.17727	0.239786	0.812483	5.125		
2	1	1	39	2.39		290	0	0	-0.00025	0.000461711	0.000461711	0	0	0	235.697	5.44253e-06	5.44253e-06	0	0	0	6.23557	0.256005	0.824153	5.15541		
2	1	1	40	2.4		290	0	0	3.46945e-18	0.000343693	0.000343693	0	0	0	240.585	5.36285e-06	5.36285e-06	0	0	0	6.2951	0.272584	0.83596	5.18656		
2	1	1	41	2.41		290	0	0	0.00025	0.000225469	0.000225469	0	0	0	245.329	5.28311e-06	5.28311e-06	0	0	0	6.35584	0.289454	0.847904	5.21849		
2	1	1	42	2.42		290	0	0	0.0005	0.000107045	0.000107045	0	0	0	249.931	5.2033e-06	5.2033e-06	0	0	0	6.41775	0.306552	0.859985	5.25121		
2	1	1	43	2.43		290	0	0	0.00075	-1.15756e-05	-1.15756e-05	0	0	0	254.397	5.12343e-06	5.12342e-06	0	0	0	6.48079	0.323817	0.872202	5.28477		
2	1	1	44	2.44		290	0	0	0.001	-0.000130388	-0.000130388	0	0	0	258.729	5.04349e-06	5.04349e-06	0	0	0	6.54493	0.341196	0.884555	5.31918		
2	1	1	45	2.45		290	0	0	0.00125	-0.000249386	-0.000249386	0	0	0	262.929	4.96351e-06	4.96351e-06	0	0	0	6.61014	0.358637	0.897045	5.35446		
2	1	1	46	2.46		290	0	0	0.0015	-0.000368567	-0.000368567	0	0	0	267.003	4.88347e-06	4.88347e-06	0	0	0	6.67638	0.376094	0.909669	5.39062		
2	1	1	47	2.47		290	0	0	0.00175	-0.000487925	-0.000487925	0	0	0	270.952	4.80338e-06	4.80338e-06	0	0	0	6.74363	0.393526	0.922429	5.42767		
2	1	1	48	2.48		290	0	0	0.002	-0.000607456	-0.000607456	0	0	0	274.781	4.72325e-06	4.72325e-06	0	0	0	6.81184	0.410893	0.935323	5.46563		
2	1	1	49	2.49		290	0	0	0.00225	-0.000727155	-0.000727155	0	0	0	278.491	4.64307e-06	4.64307e-06	0	0	0	6.881	0.428161	0.948352	5.50449		
2	1	1	50	2.5		290	0	0	0.0025	-0.000847018	-0.000847018	0	0	0	282.088	4.56285e-06	4.56285e-06	0	0	0	6.95107	0.445297	0.961514	5.54426		
2	1	1	51	2.51		290	0	0	0.00275	-0.000967039	-0.000967039	0	0	0	285.572	4.48259e-06	4.48259e-06	0	0	0	7.02203	0.462273	0.974809	5.58495		
2	1	1	52	2.52		290	0	0	0.003	-0.00108722	-0.00108722	0	0	0	288.949	4.4023e-06	4.4023e-06	0	0	0	7.09385	0.479064	0.988237	5.62655		
2	1	1	53	2.53		290	0	0	0.00325	-0.00120754	-0.00120754	0	0	0	292.221	4.32197e-06	4.32197e-06	0	0	0	7.16649	0.495647	1.0018	5.66905		
2	1	1	54	2.54		290	0	0	0.0035	-0.00132801	-0.00132801	0	0	0	295.391	4.24162e-06	4.24162e-06	0	0	0	7.23994	0.512001	1.01549	5.71245		
2	1	1	55	2.55		290	0	0	0.00375	-0.00144863	-0.00144863	0	0	0	298.461	4.16124e-06	4.16124e-06	0	0	0	7.31418	0.528109	1.02931	5.75675		
2	1	1	56	2.56		290	0	0	0.004	-0.00156938	-0.00156938	0	0	0	301.436	4.08083e-06	4.08083e-06	0	0	0	7.38916	0.543956	1.04326	5.80194		
2	1	1	57	2.57		290	0	0	0.00425	-0.00169026	-0.00169026	0	0	0	304.317	4.00039e-06	4.00039e-06	0	0	0	7.46488	0.559527	1.05735	5.84801		
2	1	1	58	2.58		290	0	0	0.0045	-0.00181127	-0.00181127	0	0	0	307.109	3.91994e-06	3.91994e-06	0	0	0	7.54131	0.574812	1.07156	5.89494		
2	1	1	59	2.59		290	0	0	0.00475	-0.00193241	-0.00193241	0	0	0	309.812	3.83946e-06	3.83946e-06	0	0	0	7.61843	0.589802	1.0859	5.94272		
2	1	1	60	2.6		290	0	0	0.005	-0.00205367	-0.00205367	0	0	0	312.431	3.75897e-06	3.75897e-06	0	0	0	7.69621	0.604487	1.10037	5.99135		
2	1	1	61	2.61		290	0	0	0.00525	-0.00217505	-0.00217505	0	0	0	314.968	3.67846e-06	3.67846e-06	0	0	0	7.77463	0.618862	1.11497	6.0408		
2	1	1	62	2.62		290	0	0	0.0055	-0.00229654	-0.00229654	0	0	0	317.425	3.59793e-06	3.59793e-06	0	0	0	7.85368	0.632922	1.12969	6.09107		
2	1	1	63	2.63		290	0	0	0.00575	-0.00241813	-0.00241813	0	0	0	319.806	3.51739e-06	3.51739e-06	0	0	0	7.93333	0.646664	1.14454	6.14213		
2	1	1	64	2.64		290	0	0	0.006	-0.00253984	-0.00253984	0	0	0	322.112	3.43684e-06	3.43684e-06	0	0	0	8.01357	0.660085	1.15952	6.19397		
2	1	1	65	2.65		290	0	0	0.00625	-0.00266165	-0.00266165	0	0	0	324.347	3.35627e-06	3.35627e-06	0	0	0	8.09438	0.673184	1.17462	6.24658		
2	1	1	66	2.66		290	0	0	0.0065	-0.00278355	-0.00278355	0	0	0	326.512	3.27569e-06	3.27569e-06	0	0	0	8.17574	0.68596	1.18984	6.29993		
2	1	1	67	2.67		290	0	0	0.00675	-0.00290556	-0.00290556	0	0	0	328.61	2.50659e-06	2.50659e-06	0	0	0	8.25763	0.698414	1.20519	6.35402		
2	1	1	68	2.68		290	0	0	0.007	-0.00302765	-0.00302765	0	0	0	330.643	1.78413e-06	1.78413e-06	0	0	0	8.34003	0.710549	1.22066	6.40882		
2	1	1	69	2.69		290	0	0	0.00725	-0.00314984	-0.00314984	0	0	0	332.613	1.10548e-06	1.10548e-06	0	0	0	8.42294	0.722365	1.23626	6.46432		
2	1	1	70	2.7		290	0	0	0.0075	-0.00327211	-0.00327211	0	0	0	334.523	4.67939e-07	4.67939e-07	0	0	0	8.50633	0.733866	1.25198	6.52049		
2	1	1	71	2.71		290	0	0	0.00775	-0.00339446	-0.00339446	0	0	0	336.375	-1.31048e-07	-1.31048e-07	0	0	0	8.5902	0.745055	1.26782	6.57733		
2	1	1	72	2.72		290	0	0	0.008	-0.0035169	-0.0035169	0	0	0	338.17	-6.93914e-07	-6.93914e-07	0	0	0	8.67451	0.755936	1.28377	6.6348		
2	1	1	73	2.73		290	0	0	0.00825	-0.00363941	-0.00363941	0	0	0	339.912	-1.22296e-06	-1.22296e-06	0	0	0	8.75927	0.766514	1.29985	6.69291		
2	1	1	74	2.74		290	0	0	0.0085	-0.003762	-0.003762	0	0	0	341.6	-1.72038e-06	-1.72038e-06	0	0	0	8.84446	0.776794	1.31605	6.75162		
2	1	1	75	2.75		290	0	0	0.00875	-0.00388466	-0.00388466	0	0	0	343.239	-2.18823e-06	-2.18823e-06	0	0	0	8.93007	0.78678	1.33237	6.81092		
2	1	1	76	2.76		290	0	0	0.009	-0.00400739	-0.00400739	0	0	0	344.828	-2.62844e-06	-2.62844e-06	0	0	0	9.01608	0.796478	1.34881	6.87079		
2	1	1	77	2.77		290	0	0	0.00925	-0.00413018	-0.00413018	0	0	0	346.371	-3.04287e-06	-3.04287e-06	0	0	0	9.10248	0.805894	1.36536	6.93122		
2	1	1	78	2.78		290	0	0	0.0095	-0.00425304	-0.00425304	0	0	0	347.869	-3.43324e-06	-3.43324e-06	0	0	0	9.18926	0.815034	1.38204	6.99219		
2	1	1	79	2.79		290	0	0	0.00975	-0.00437597	-0.00437597	0	0	0	349.323	-3.80118e-06	-3.80118e-06	0	0	0	9.27641	0.823904	1.39882	7.05368		
2	1	1	80	2.8		290	0	0	0.01	-0.00449895	-0.00449895	0	0	0	350.735	-4.14821e-06	-4.14821e-06	0	0	0	9.36391	0.832509	1.41573	7.11567		
2	1	1	81	2.81		290	0	0	0.01025	-0.00462199	-0.00462199	0	0	0	352.106	-4.47578e-06	-4.47578e-06	0	0	0	9.45177	0.840858	1.43275	7.17816		
2	1	1	82	2.82		290	0	0	0.0105	-0.00474509	-0.00474509	0	0	0	353.439	-4.78522e-06	-4.78522e-06	0	0	0	9.53996	0.848955	1.44989	7.24112		
2	1	1	83	2.83		290	0	0	0.01075	-0.00486824	-0.00486824	0	0	0	354.734	-5.07782e-06	-5.07782e-06	0	0	0	9.62848	0.856808	1.46714	7.30454		
2	1	1	84	2.84		290	0	0	0.011	-0.00499144	-0.00499144	0	0	0	355.994	-5.35474e-06	-5.35474e-06	0	0	0	9.71732	0.864422	1.4845	7.3684		
2	1	1	85	2.85		290	0	0	0.01125	-0.00511469	-0.00511469	0	0	0	357.218	-5.6171e-06	-5.6171e-06	0	0	0	9.80648	0.871805	1.50198	7.43269		
2	1	1	86	2.86		290	0	0	0.0115	-0.00523799	-0.00523799	0	0	0	358.41	-5.86593e-06	-5.86593e-06	0	0	0	9.89593	0.878963	1.51957	7.49739		
2	1	1	87	2.87		290	0	0	0.01175	-0.00536133	-0.00536133	0	0	0	359.569	-6.10219e-06	-6.10219e-06	0	0	0	9.98568	0.885902	1.53728	7.5625		
2	1	1	88	2.88		290	0	0	0.012	-0.00548472	-0.00548472	0	0	0	360.697	-6.3268e-06	-6.3268e-06	0	0	0	10.0757	0.892629	1.55509	7.62799		
2	1	1	89	2.89		290	0	0	0.01225	-0.00560815	-0.00560815	0	0	0	361.795	-6.5406e-06	-6.5406e-06	0	0	0	10.166	0.89915	1.57302	7.69385		
2	1	1	90	2.9		290	0	0	0.0125	-0.00573162	-0.00573162	0	0	0	362.865	-6.74436e-06	-6.74436e-06	0	0	0	10.2566	0.905471	1.59106	7.76007		
2	1	1	91	2.91		290	0	0	0.01275	-0.00585513	-0.00585513	0	0	0	363.908	-6.93883e-06	-6.93883e-06	0	0	0	10.3475	0.911599	1.60921	7.82664		
2	1	1	92	2.92		290	0	0	0.013	-0.00597868	-0.00597868	0	0	0	364.924	-7.12469e-06	-7.12469e-06	0	0	0	10.4386	0.91754	1.62747	7.89354		
2	1	1	93	2.93		290	0	0	0.01325	-0.00610226	-0.00610226	0	0	0	365.915	-7.30256e-06	-7.30256e-06	0	0	0	10.5299	0.923299	1.64584	7.96077		
2	1	1	94	2.94		290	0	0	0.0135	-0.00622588	-0.00622588	0	0	0	366.881	-7.47304e-06	-7.47304e-06	0	0	0	10.6215	0.928883	1.66432	8.02831		
2	1	1	95	2.95		290	0	0	0.01375	-0.00634954	-0.00634954	0	0	0	367.824	-7.63668e-06	-7.63668e-06	0	0	0	10.7133	0.934297	1.68291	8.09614		
2	1	1	96	2.96		290	0	0	0.014	-0.00647322	-0.00647322	0	0	0	368.744	-7.79399e-06	-7.79399e-06	0	0	0	10.8054	0.939546	1.70161	8.16427		
2	1	1	97	2.97		290	0	0	0.01425	-0.00659694	-0.00659694	0	0	0	369.642	-7.94544e-06	-7.94544e-06	0	0	0	10.8977	0.944638	1.72041	8.23267		
2	1	1	98	2.98		290	0	0	0.0145	-0.00672069	-0.00672069	0	0	0	370.52	-8.09147e-06	-8.09147e-06	0	0	0	10.9902	0.949576	1.73933	8.30134		
2	1	1	99	2.99		290	0	0	0.01475	-0.00684446	-0.00684446	0	0	0	371.377	-8.2325e-06	-8.2325e-06	0	0	0	11.083	0.954366	1.75835	8.37026		
2	1	1	100	3		290	0	0	0.015	-0.00696826	-0.00696826	0	0	0	372.216	-8.36888e-06	-8.36888e-06	0	0	0	11.1759	0.959013	1.77747	8.43943		
2	1	2	1	3.01		290	0	0	0.0147	-0.00687826	-0.00687826	0	0	0	330.216	-8.2852e-06	-8.2852e-06	0	0	0	11.0706	0.853649	1.77747	8.43943		
2	1	2	2	3.02		290	0	0	0.0144	-0.00678826	-0.00678826	0	0	0	288.216	-8.20151e-06	-8.20151e-06	0	0	0	10.9778	0.760884	1.77747	8.43943		
2	1	2	3	3.03		290	0	0	0.0141	-0.00669826	-0.00669826	0	0	0	246.216	-8.11782e-06	-8.11782e-06	0	0	0	10.8976	0.680719	1.77747	8.43943		
2	1	2	4	3.04		290	0	0	0.0138	-0.00660826	-0.00660826	0	0	0	204.216	-8.03413e-06	-8.03413e-06	0	0	0	10.8301	0.613155	1.77747	8.43943		
2	1	2	5	3.05		290	0	0	0.0135	-0.00651826	-0.00651826	0	0	0	162.216	-7.95044e-06	-7.95044e-06	0	0	0	10.7751	0.55819	1.77747	8.43943		
2	1	2	6	3.06		290	0	0	0.0132	-0.00642826	-0.00642826	0	0	0	120.216	-7.86675e-06	-7.86675e-06	0	0	0	10.7327	0.515825	1.77747	8.43943		
2	1	2	7	3.07		290	0	0	0.0129	-0.00633447	-0.00633447	0	0	0	80.8723	-8.24859e-06	-8.24859e-06	0	0	0	10.7026	0.479191	1.77897	8.44441		
2	1	2	8	3.08		290	0	0	0.0126	-0.00622912	-0.00622912	0	0	0	49.6154	-8.16074e-06	-8.16074e-06	0	0	0	10.683	0.434521	1.785	8.46347		
2	1	2	9	3.09		290	0	0	0.0123	-0.00612118	-0.00612118	0	0	0	20.1772	-8.06745e-06	-8.06745e-06	0	0	0	10.6725	0.397925	1.79207	8.48253		
2	1	2	10	3.1		290	0	0	0.012	-0.00601001	-0.00601001	0	0	0	-7.00559	-7.96366e-06	-7.96366e-06	0	0	0	10.6706	0.366899	1.80043	8.50322		
2	1	2	11	3.11		290	0	0	0.0117	-0.00589496	-0.00589496	0	0	0	-31.4731	-7.84603e-06	-7.84603e-06	0	0	0	10.6763	0.338785	1.81035	8.52719		
2	1	2	12	3.12		290	0	0	0.0114	-0.00577553	-0.00577553	0	0	0	-52.8698	-7.72318e-06	-7.72318e-06	0	0	0	10.689	0.311287	1.82203	8.55566		
2	1	2	13	3.13		290	0	0	0.0111	-0.00565163	-0.00565163	0	0	0	-71.1411	-7.61353e-06	-7.61353e-06	0	0	0	10.7076	0.283221	1.83552	8.58883		
2	1	2	14	3.14		290	0	0	0.0108	-0.0055238	-0.0055238	0	0	0	-86.6618	-7.52077e-06	-7.52077e-06	0	0	0	10.7312	0.254954	1.85064	8.62565		
2	1	2	15	3.15		290	0	0	0.0105	-0.00539302	-0.00539302	0	0	0	-100.116	-7.43523e-06	-7.43523e-06	0	0	0	10.7593	0.227942	1.867	8.66432		
2	1	2	16	3.16		290	0	0	0.0102	-0.00526029	-0.00526029	0	0	0	-112.201	-7.54731e-06	-7.54731e-06	0	0	0	10.7911	0.203718	1.88422	8.70318		
2	1	2	17	3.17		290	0	0	0.0099	-0.00512631	-0.00512631	0	0	0	-123.42	-7.51772e-06	-7.51772e-06	0	0	0	10.8265	0.183253	1.90201	8.74119		
2	1	2	18	3.18		290	0	0	0.0096	-0.00499153	-0.00499153	0	0	0	-134.068	-7.45432e-06	-7.45432e-06	0	0	0	10.8651	0.166927	1.92021	8.77794		
2	1	2	19	3.19		290	0	0	0.0093	-0.00485613	-0.00485613	0	0	0	-144.294	-7.38146e-06	-7.38146e-06	0	0	0	10.9068	0.154743	1.93874	8.81335		
2	1	2	20	3.2		290	0	0	0.009	-0.00472025	-0.00472025	0	0	0	-154.172	-7.30534e-06	-7.30534e-06	0	0	0	10.9516	0.146516	1.95756	8.84753		
2	1	2	21	3.21		290	0	0	0.0087	-0.00458391	-0.00458391	0	0	0	-163.737	-7.22787e-06	-7.22787e-06	0	0	0	10.9993	0.141983	1.97664	8.88067		
2	1	2	22	3.22		290	0	0	0.0084	-0.00444715	-0.00444715	0	0	0	-173.008	-7.14971e-06	-7.14971e-06	0	0	0	11.0498	0.140852	1.99598	8.91297		
2	1	2	23	3.23		290	0	0	0.0081	-0.00430999	-0.00430999	0	0	0	-181.995	-7.07113e-06	-7.07112e-06	0	0	0	11.1031	0.142829	2.01558	8.94464		
2	1	2	24	3.24		290	0	0	0.0078	-0.00417243	-0.00417243	0	0	0	-190.704	-6.99222e-06	-6.99222e-06	0	0	0	11.159	0.147629	2.03544	8.97589		
2	1	2	25	3.25		290	0	0	0.0075	-0.00403449	-0.00403449	0	0	0	-199.141	-6.91303e-06	-6.91303e-06	0	0	0	11.2174	0.154979	2.05555	9.00691		
2	1	2	26	3.26		290	0	0	0.0072	-0.00389616	-0.00389616	0	0	0	-207.311	-6.83359e-06	-6.83359e-06	0	0	0	11.2784	0.164618	2.07591	9.03788		
2	1	2	27	3.27		290	0	0	0.0069	-0.00375746	-0.00375746	0	0	0	-215.22	-6.75389e-06	-6.75389e-06	0	0	0	11.3418	0.176302	2.09652	9.06896		
2	1	2	28	3.28		290	0	0	0.0066	-0.00361839	-0.00361839	0	0	0	-222.872	-6.67395e-06	-6.67395e-06	0	0	0	11.4075	0.189799	2.11738	9.10031		
2	1	2	29	3.29		290	0	0	0.0063	-0.00347896	-0.00347896	0	0	0	-230.273	-6.59377e-06	-6.59377e-06	0	0	0	11.4755	0.204895	2.13849	9.13208		
2	1	2	30	3.3		290	0	0	0.006	-0.00333918	-0.00333918	0	0	0	-237.427	-6.51336e-06	-6.51336e-06	0	0	0	11.5456	0.221386	2.15985	9.16438		
2	1	2	31	3.31		290	0	0	0.0057	-0.00319906	-0.00319906	0	0	0	-244.341	-6.43272e-06	-6.43272e-06	0	0	0	11.6179	0.239083	2.18146	9.19735		
2	1	2	32	3.32		290	0	0	0.0054	-0.0030586	-0.0030586	0	0	0	-251.02	-6.35187e-06	-6.35187e-06	0	0	0	11.6922	0.257812	2.20331	9.23107		
2	1	2	33	3.33		290	0	0	0.0051	-0.00291781	-0.00291781	0	0	0	-257.47	-6.27081e-06	-6.27081e-06	0	0	0	11.7685	0.27741	2.2254	9.26565		
2	1	2	34	3.34		290	0	0	0.0048	-0.00277671	-0.00277671	0	0	0	-263.695	-6.18955e-06	-6.18955e-06	0	0	0	11.8466	0.297725	2.24773	9.30118		
2	1	2	35	3.35		290	0	0	0.0045	-0.00263529	-0.00263529	0	0	0	-269.702	-6.1081e-06	-6.1081e-06	0	0	0	11.9266	0.318621	2.27031	9.33772		
2	1	2	36	3.36		290	0	0	0.0042	-0.00249357	-0.00249357	0	0	0	-275.496	-6.02647e-06	-6.02647e-06	0	0	0	12.0084	0.339968	2.29312	9.37534		
2	1	2	37	3.37		290	0	0	0.0039	-0.00235155	-0.00235155	0	0	0	-281.084	-5.94467e-06	-5.94467e-06	0	0	0	12.0919	0.361651	2.31617	9.41409		
2	1	2	38	3.38		290	0	0	0.0036	-0.00220924	-0.00220924	0	0	0	-286.471	-5.86272e-06	-5.86272e-06	0	0	0	12.177	0.383564	2.33946	9.45403		
2	1	2	39	3.39		290	0	0	0.0033	-0.00206666	-0.00206666	0	0	0	-291.662	-5.78061e-06	-5.78061e-06	0	0	0	12.2638	0.40561	2.36297	9.49519		
2	1	2	40	3.4		290	0	0	0.003	-0.00192381	-0.00192381	0	0	0	-296.664	-5.69836e-06	-5.69836e-06	0	0	0	12.352	0.427701	2.38672	9.5376		
2	1	2	41	3.41		290	0	0	0.0027	-0.00178069	-0.00178069	0	0	0	-301.482	-5.61597e-06	-5.61597e-06	0	0	0	12.4417	0.449759	2.41069	9.58129		
2	1	2	42	3.42		290	0	0	0.0024	-0.00163732	-0.00163732	0	0	0	-306.122	-5.53347e-06	-5.53347e-06	0	0	0	12.5329	0.471714	2.43489	9.62627		
2	1	2	43	3.43		290	0	0	0.0021	-0.0014937	-0.0014937	0	0	0	-310.59	-5.45085e-06	-5.45085e-06	0	0	0	12.6254	0.493502	2.45931	9.67257		
2	1	2	44	3.44		290	0	0	0.0018	-0.00134984	-0.00134984	0	0	0	-314.891	-5.36813e-06	-5.36813e-06	0	0	0	12.7192	0.515069	2.48396	9.72018		
2	1	2	45	3.45		290	0	0	0.0015	-0.00120576	-0.00120576	0	0	0	-319.03	-5.28532e-06	-5.28532e-06	0	0	0	12.8143	0.536364	2.50882	9.76911		
2	1	2	46	3.46		290	0	0	0.0012	-0.00106145	-0.00106145	0	0	0	-323.014	-5.20242e-06	-5.20242e-06	0	0	0	12.9106	0.557345	2.5339	9.81936		
2	1	2	47	3.47		290	0	0	0.0009	-0.000916924	-0.000916924	0	0	0	-326.847	-5.11943e-06	-5.11943e-06	0	0	0	13.0081	0.577976	2.55919	9.87092		
2	1	2	48	3.48		290	0	0	0.0006	-0.000772193	-0.000772193	0	0	0	-330.535	-5.03637e-06	-5.03637e-06	0	0	0	13.1067	0.598224	2.5847	9.92377		
2	1	2	49	3.49		290	0	0	0.0003	-0.000627261	-0.000627261	0	0	0	-334.083	-4.95325e-06	-4.95325e-06	0	0	0	13.2064	0.618062	2.61041	9.97791		
2	1	2	50	3.5		290	0	0	1.75641e-17	-0.000482136	-0.000482136	0	0	0	-337.496	-4.87007e-06	-4.87007e-06	0	0	0	13.3071	0.637469	2.63633	10.0333		
2	1	2	51	3.51		290	0	0	-0.0003	-0.000336826	-0.000336826	0	0	0	-340.778	-4.78683e-06	-4.78683e-06	0	0	0	13.4089	0.656425	2.66246	10.09		
2	1	2	52	3.52		290	0	0	-0.0006	-0.000191337	-0.000191337	0	0	0	-343.936	-4.70354e-06	-4.70354e-06	0	0	0	13.5116	0.674917	2.68879	10.1479		
2	1	2	53	3.53		290	0	0	-0.0009	-4.5676e-05	-4.5676e-05	0	0	0	-346.973	-4.6202e-06	-4.6202e-06	0	0	0	13.6152	0.692933	2.71532	10.207		
2	1	2	54	3.54		290	0	0	-0.0012	0.000100151	0.000100151	0	0	0	-349.895	-4.53683e-06	-4.53683e-06	0	0	0	13.7197	0.710465	2.74205	10.2672		
2	1	2	55	3.55		290	0	0	-0.0015	0.000246136	0.000246136	0	0	0	-352.705	-4.45342e-06	-4.45342e-06	0	0	0	13.8251	0.727508	2.76897	10.3286		
2	1	2	56	3.56		290	0	0	-0.0018	0.000392274	0.000392274	0	0	0	-355.408	-4.36998e-06	-4.36998e-06	0	0	0	13.9313	0.74406	2.79609	10.3912		
2	1	2	57	3.57		290	0	0	-0.0021	0.000538559	0.000538559	0	0	0	-358.009	-4.28651e-06	-4.28651e-06	0	0	0	14.0384	0.760118	2.8234	10.4548		
2	1	2	58	3.58		290	0	0	-0.0024	0.000684985	0.000684985	0	0	0	-360.511	-4.20301e-06	-4.20301e-06	0	0	0	14.1461	0.775686	2.8509	10.5195		
2	1	2	59	3.59		290	0	0	-0.0027	0.000831545	0.000831545	0	0	0	-362.918	-4.11949e-06	-4.11949e-06	0	0	0	14.2546	0.790767	2.87859	10.5853		
2	1	2	60	3.6		290	0	0	-0.003	0.000978235	0.000978235	0	0	0	-365.235	-4.03595e-06	-4.03595e-06	0	0	0	14.3639	0.805364	2.90646	10.652		
2	1	2	61	3.61		290	0	0	-0.0033	0.00112505	0.00112505	0	0	0	-367.466	-3.9524e-06	-3.9524e-06	0	0	0	14.4738	0.819484	2.93452	10.7198		
2	1	2	62	3.62		290	0	0	-0.0036	0.00127198	0.00127198	0	0	0	-369.613	-3.86882e-06	-3.86882e-06	0	0	0	14.5843	0.833135	2.96276	10.7884		
2	1	2	63	3.63		290	0	0	-0.0039	0.00141903	0.00141903	0	0	0	-371.68	-3.78523e-06	-3.78523e-06	0	0	0	14.6955	0.846324	2.99118	10.858		
2	1	2	64	3.64		290	0	0	-0.0042	0.00156618	0.00156618	0	0	0	-373.671	-3.70163e-06	-3.70163e-06	0	0	0	14.8073	0.85906	3.01977	10.9285		
2	1	2	65	3.65		290	0	0	-0.0045	0.00171344	0.00171344	0	0	0	-375.589	-2.95086e-06	-2.95086e-06	0	0	0	14.9197	0.871354	3.04854	10.9998		
2	1	2	66	3.66		290	0	0	-0.0048	0.0018608	0.0018608	0	0	0	-377.437	-2.25708e-06	-2.25708e-06	0	0	0	15.0327	0.883216	3.07749	11.072		
2	1	2	67	3.67		290	0	0	-0.0051	0.00200826	0.00200826	0	0	0	-379.218	-1.61574e-06	-1.61574e-06	0	0	0	15.1462	0.894657	3.10661	11.1449		
2	1	2	68	3.68		290	0	0	-0.0054	0.00215581	0.00215581	0	0	0	-380.936	-1.02262e-06	-1.02262e-06	0	0	0	15.2602	0.905688	3.1359	11.2186		
2	1	2	69	3.69		290	0	0	-0.0057	0.00230344	0.00230344	0	0	0	-382.592	-4.73801e-07	-4.73801e-07	0	0	0	15.3747	0.91632	3.16536	11.293		
2	1	2	70	3.7		290	0	0	-0.006	0.00245116	0.00245116	0	0	0	-384.19	3.43595e-08	3.43594e-08	0	0	0	15.4897	0.926566	3.19498	11.3682		
2	1	2	71	3.71		290	0	0	-0.0063	0.00259895	0.00259895	0	0	0	-385.732	5.05231e-07	5.05231e-07	0	0	0	15.6052	0.936436	3.22478	11.444		
2	1	2	72	3.72		290	0	0	-0.0066	0.00274683	0.00274683	0	0	0	-387.221	9.41929e-07	9.41929e-07	0	0	0	15.7212	0.945944	3.25473	11.5205		
2	1	2	73	3.73		290	0	0	-0.0069	0.00289477	0.00289477	0	0	0	-388.659	1.34733e-06	1.34733e-06	0	0	0	15.8376	0.955101	3.28485	11.5976		
2	1	2	74	3.74		290	0	0	-0.0072	0.00304279	0.00304279	0	0	0	-390.049	1.7241e-06	1.7241e-06	0	0	0	15.9544	0.963918	3.31513	11.6753		
2	1	2	75	3.75		290	0	0	-0.0075	0.00319087	0.00319087	0	0	0	-391.392	2.07468e-06	2.07468e-06	0	0	0	16.0716	0.972409	3.34558	11.7536		
2	1	2	76	3.76		290	0	0	-0.0078	0.00333901	0.00333901	0	0	0	-392.691	2.40132e-06	2.40132e-06	0	0	0	16.1892	0.980583	3.37618	11.8324		
2	1	2	77	3.77		290	0	0	-0.0081	0.00348722	0.00348722	0	0	0	-393.948	2.70609e-06	2.70609e-06	0	0	0	16.3072	0.988454	3.40694	11.9118		
2	1	2	78	3.78		290	0	0	-0.0084	0.00363548	0.00363548	0	0	0	-395.164	2.99091e-06	2.99091e-06	0	0	0	16.4256	0.996032	3.43785	11.9917		
2	1	2	79	3.79		290	0	0	-0.0087	0.0037838	0.0037838	0	0	0	-396.342	3.25752e-06	3.25752e-06	0	0	0	16.5443	1.00333	3.46892	12.072		
2	1	2	80	3.8		290	0	0	-0.009	0.00393217	0.00393217	0	0	0	-397.484	3.50752e-06	3.50752e-06	0	0	0	16.6634	1.01035	3.50015	12.1529		
2	1	2	81	3.81		290	0	0	-0.0093	0.00408059	0.00408059	0	0	0	-398.59	3.74238e-06	3.74238e-06	0	0	0	16.7828	1.01712	3.53152	12.2341		
2	1	2	82	3.82		290	0	0	-0.0096	0.00422905	0.00422905	0	0	0	-399.663	3.96345e-06	3.96345e-06	0	0	0	16.9025	1.02363	3.56305	12.3158		
2	1	2	83	3.83		290	0	0	-0.0099	0.00437756	0.00437756	0	0	0	-400.705	4.17196e-06	4.17196e-06	0	0	0	17.0226	1.02991	3.59473	12.3979		
2	1	2	84	3.84		290	0	0	-0.0102	0.00452612	0.00452612	0	0	0	-401.716	4.36904e-06	4.36904e-06	0	0	0	17.1429	1.03596	3.62656	12.4804		
2	1	2	85	3.85		290	0	0	-0.0105	0.00467472	0.00467472	0	0	0	-402.698	4.55571e-06	4.55571e-06	0	0	0	17.2636	1.04178	3.65854	12.5633		
2	1	2	86	3.86		290	0	0	-0.0108	0.00482335	0.00482335	0	0	0	-403.653	4.73291e-06	4.73291e-06	0	0	0	17.3845	1.0474	3.69066	12.6465		
2	1	2	87	3.87		290	0	0	-0.0111	0.00497203	0.00497203	0	0	0	-404.582	4.90151e-06	4.90151e-06	0	0	0	17.5058	1.05281	3.72294	12.73		
2	1	2	88	3.88		290	0	0	-0.0114	0.00512074	0.00512074	0	0	0	-405.485	5.06229e-06	5.06229e-06	0	0	0	17.6273	1.05803	3.75535	12.8139		
2	1	2	89	3.89		290	0	0	-0.0117	0.00526948	0.00526948	0	0	0	-406.365	5.21595e-06	5.21595e-06	0	0	0	17.7491	1.06306	3.78792	12.8981		
2	1	2	90	3.9		290	0	0	-0.012	0.00541825	0.00541825	0	0	0	-407.222	5.36316e-06	5.36316e-06	0	0	0	17.8711	1.06792	3.82062	12.9826		
2	1	2	91	3.91		290	0	0	-0.0123	0.00556706	0.00556706	0	0	0	-408.058	5.50449e-06	5.50449e-06	0	0	0	17.9934	1.07261	3.85347	13.0673		
2	1	2	92	3.92		290	0	0	-0.0126	0.0057159	0.0057159	0	0	0	-408.873	5.64049e-06	5.64049e-06	0	0	0	18.1159	1.07713	3.88647	13.1523		
2	1	2	93	3.93		290	0	0	-0.0129	0.00586476	0.00586476	0	0	0	-409.668	5.77166e-06	5.77166e-06	0	0	0	18.2387	1.0815	3.9196	13.2376		
2	1	2	94	3.94		290	0	0	-0.0132	0.00601365	0.00601365	0	0	0	-410.445	5.89843e-06	5.89843e-06	0	0	0	18.3617	1.08572	3.95288	13.3231		
2	1	2	95	3.95		290	0	0	-0.0135	0.00616257	0.00616257	0	0	0	-411.204	6.02122e-06	6.02122e-06	0	0	0	18.485	1.08981	3.98629	13.4089		
2	1	2	96	3.96		290	0	0	-0.0138	0.00631151	0.00631151	0	0	0	-411.946	6.14039e-06	6.14039e-06	0	0	0	18.6084	1.09375	4.01985	13.4948		
2	1	2	97	3.97		290	0	0	-0.0141	0.00646047	0.00646047	0	0	0	-412.672	6.25628e-06	6.25628e-06	0	0	0	18.7321	1.09757	4.05354	13.581		
2	1	2	98	3.98		290	0	0	-0.0144	0.00660945	0.00660945	0	0	0	-413.382	6.36919e-06	6.36919e-06	0	0	0	18.856	1.10127	4.08737	13.6674		
2	1	2	99	3.99		290	0	0	-0.0147	0.00675846	0.00675846	0	0	0	-414.078	6.4794e-06	6.4794e-06	0	0	0	18.9802	1.10484	4.12134	13.754		
2	1	2	100	4		290	0	0	-0.015	0.00690749	0.00690749	0	0	0	-414.76	6.58716e-06	6.58717e-06	0	0	0	19.1045	1.10831	4.15545	13.8407		
3	1	1	1	4.01		290	0	0	-0.01465	0.00680249	0.00680249	0	0	0	-365.76	6.52129e-06	6.52129e-06	0	0	0	18.9679	0.97172	4.15545	13.8407		
3	1	1	2	4.02		290	0	0	-0.0143	0.00669749	0.00669749	0	0	0	-316.76	6.45542e-06	6.45542e-06	0	0	0	18.8485	0.852279	4.15545	13.8407		
3	1	1	3	4.03		290	0	0	-0.01395	0.00659249	0.00659249	0	0	0	-267.76	6.38955e-06	6.38955e-06	0	0	0	18.7462	0.749988	4.15545	13.8407		
3	1	1	4	4.04		290	0	0	-0.0136	0.00648749	0.00648749	0	0	0	-218.76	6.32368e-06	6.32368e-06	0	0	0	18.661	0.664847	4.15545	13.8407		
3	1	1	5	4.05		290	0	0	-0.01325	0.00638249	0.00638249	0	0	0	-169.76	6.25781e-06	6.25781e-06	0	0	0	18.593	0.596857	4.15545	13.8407		
3	1	1	6	4.06		290	0	0	-0.0129	0.00627749	0.00627749	0	0	0	-120.76	6.19193e-06	6.19193e-06	0	0	0	18.5422	0.546016	4.15545	13.8407		
3	1	1	7	4.07		290	0	0	-0.01255	0.00617249	0.00617249	0	0	0	-71.7595	6.12606e-06	6.12606e-06	0	0	0	18.5085	0.512325	4.15545	13.8407		
3	1	1	8	4.08		290	0	0	-0.0122	0.00605538	0.00605538	0	0	0	-31.2315	6.02311e-06	6.02311e-06	0	0	0	18.4905	0.471051	4.16246	13.857		
3	1	1	9	4.09		290	0	0	-0.01185	0.00593074	0.00593074	0	0	0	4.01985	5.94205e-06	5.94205e-06	0	0	0	18.4857	0.432025	4.17384	13.8799		
3	1	1	10	4.1		290	0	0	-0.0115	0.00580199	0.00580199	0	0	0	36.391	5.83873e-06	5.83873e-06	0	0	0	18.4928	0.400727	4.18763	13.9044		
3	1	1	11	4.11		290	0	0	-0.01115	0.00566807	0.00566807	0	0	0	65.1479	5.70166e-06	5.70166e-06	0	0	0	18.5106	0.37274	4.20445	13.9334		
3	1	1	12	4.12		290	0	0	-0.0108	0.00552816	0.00552816	0	0	0	89.712	5.5551e-06	5.5551e-06	0	0	0	18.5377	0.34424	4.22478	13.9686		
3	1	1	13	4.13		290	0	0	-0.01045	0.00538224	0.00538224	0	0	0	110.071	5.44771e-06	5.44771e-06	0	0	0	18.5726	0.31369	4.24867	14.0103		
3	1	1	14	4.14		290	0	0	-0.0101	0.00523142	0.00523142	0	0	0	126.996	5.37292e-06	5.37292e-06	0	0	0	18.6141	0.282604	4.2755	14.056		
3	1	1	15	4.15		290	0	0	-0.00975	0.00507735	0.00507735	0	0	0	141.647	5.84683e-06	5.84683e-06	0	0	0	18.6611	0.253966	4.30431	14.1028		
3	1	1	16	4.16		290	0	0	-0.0094	0.00492139	0.00492139	0	0	0	154.972	5.89184e-06	5.89184e-06	0	0	0	18.713	0.230043	4.33432	14.1487		
3	1	1	17	4.17		290	0	0	-0.00905	0.00476429	0.00476429	0	0	0	167.5	5.86048e-06	5.86048e-06	0	0	0	18.7695	0.211776	4.3651	14.1926		
3	1	1	18	4.18		290	0	0	-0.0087	0.00460639	0.00460639	0	0	0	179.472	5.81236e-06	5.81236e-06	0	0	0	18.8302	0.199238	4.39645	14.2345		
3	1	1	19	4.19		290	0	0	-0.00835	0.00444784	0.00444784	0	0	0	190.989	5.75931e-06	5.75931e-06	0	0	0	18.895	0.192116	4.42829	14.2746		
3	1	1	20	4.2		290	0	0	-0.008	0.0042887	0.0042887	0	0	0	202.092	5.70434e-06	5.70435e-06	0	0	0	18.9638	0.189962	4.46058	14.3133		
3	1	1	21	4.21		290	0	0	-0.00765	0.004129	0.004129	0	0	0	212.8	5.64839e-06	5.64839e-06	0	0	0	19.0364	0.192297	4.49332	14.3508		
3	1	1	22	4.22		290	0	0	-0.0073	0.00396875	0.00396875	0	0	0	223.124	5.59174e-06	5.59174e-06	0	0	0	19.1127	0.198651	4.52648	14.3876		
3	1	1	23	4.23		290	0	0	-0.00695	0.00380796	0.00380796	0	0	0	233.074	5.53449e-06	5.53449e-06	0	0	0	19.1925	0.208574	4.56008	14.4239		
3	1	1	24	4.24		290	0	0	-0.0066	0.00364665	0.00364665	0	0	0	242.656	5.47668e-06	5.47668e-06	0	0	0	19.2758	0.221643	4.59411	14.46		
3	1	1	25	4.25		290	0	0	-0.00625	0.00348483	0.00348483	0	0	0	251.88	5.41832e-06	5.41832e-06	0	0	0	19.3623	0.237463	4.62856	14.4963		
3	1	1	26	4.26		290	0	0	-0.0059	0.0033225	0.0033225	0	0	0	260.753	5.35943e-06	5.35943e-06	0	0	0	19.452	0.255665	4.66343	14.5329		
3	1	1	27	4.27		290	0	0	-0.00555	0.00315969	0.00315969	0	0	0	269.283	5.30002e-06	5.30002e-06	0	0	0	19.5448	0.275908	4.69872	14.5702		
3	1	1	28	4.28		290	0	0	-0.0052	0.0029964	0.0029964	0	0	0	277.479	5.24012e-06	5.24012e-06	0	0	0	19.6405	0.297876	4.73442	14.6082		
3	1	1	29	4.29		290	0	0	-0.00485	0.00283264	0.00283264	0	0	0	285.349	5.17972e-06	5.17972e-06	0	0	0	19.739	0.32128	4.77052	14.6472		
3	1	1	30	4.3		290	0	0	-0.0045	0.00266843	0.00266843	0	0	0	292.903	5.11887e-06	5.11887e-06	0	0	0	19.8402	0.345853	4.80702	14.6873		
3	1	1	31	4.31		290	0	0	-0.00415	0.00250378	0.00250378	0	0	0	300.149	5.05758e-06	5.05758e-06	0	0	0	19.944	0.371353	4.84392	14.7287		
3	1	1	32	4.32		290	0	0	-0.0038	0.00233871	0.00233871	0	0	0	307.096	4.99587e-06	4.99587e-06	0	0	0	20.0502	0.39756	4.8812	14.7715		
3	1	1	33	4.33		290	0	0	-0.00345	0.00217322	0.00217322	0	0	0	313.754	4.93377e-06	4.93377e-06	0	0	0	20.1589	0.424275	4.91887	14.8157		
3	1	1	34	4.34		290	0	0	-0.0031	0.00200733	0.00200733	0	0	0	320.131	4.87131e-06	4.87131e-06	0	0	0	20.2698	0.451317	4.95692	14.8616		
3	1	1	35	4.35		290	0	0	-0.00275	0.00184105	0.00184105	0	0	0	326.238	4.80851e-06	4.80851e-06	0	0	0	20.3829	0.478527	4.99535	14.909		
3	1	1	36	4.36		290	0	0	-0.0024	0.0016744	0.0016744	0	0	0	332.082	4.74539e-06	4.74539e-06	0	0	0	20.4981	0.505762	5.03413	14.9582		
3	1	1	37	4.37		290	0	0	-0.00205	0.00150739	0.00150739	0	0	0	337.674	4.68198e-06	4.68198e-06	0	0	0	20.6153	0.532896	5.07328	15.0091		
3	1	1	38	4.38		290	0	0	-0.0017	0.00134003	0.00134003	0	0	0	343.022	4.61831e-06	4.61831e-06	0	0	0	20.7344	0.559818	5.11278	15.0618		
3	1	1	39	4.39		290	0	0	-0.00135	0.00117234	0.00117234	0	0	0	348.136	4.55439e-06	4.55439e-06	0	0	0	20.8554	0.586431	5.15263	15.1163		
3	1	1	40	4.4		290	0	0	-0.001	0.00100432	0.00100432	0	0	0	353.025	4.49025e-06	4.49025e-06	0	0	0	20.9781	0.612652	5.19283	15.1726		
3	1	1	41	4.41		290	0	0	-0.00065	0.000835994	0.000835994	0	0	0	357.696	4.42591e-06	4.42591e-06	0	0	0	21.1025	0.638409	5.23335	15.2307		
3	1	1	42	4.42		290	0	0	-0.0003	0.00066737	0.00066737	0	0	0	362.159	4.36139e-06	4.36139e-06	0	0	0	21.2285	0.663643	5.27421	15.2906		
3	1	1	43	4.43		290	0	0	5e-05	0.000498461	0.000498461	0	0	0	366.423	4.2967e-06	4.2967e-06	0	0	0	21.356	0.688302	5.31539	15.3523		
3	1	1	44	4.44		290	0	0	0.0004	0.000329278	0.000329278	0	0	0	370.495	4.23187e-06	4.23187e-06	0	0	0	21.4849	0.712347	5.35689	15.4157		
3	1	1	45	4.45		290	0	0	0.00075	0.000159833	0.000159833	0	0	0	374.383	4.16691e-06	4.16691e-06	0	0	0	21.6153	0.735745	5.3987	15.4808		
3	1	1	46	4.46		290	0	0	0.0011	-9.8619e-06	-9.8619e-06	0	0	0	378.097	4.10184e-06	4.10184e-06	0	0	0	21.747	0.75847	5.44081	15.5477		
3	1	1	47	4.47		290	0	0	0.00145	-0.000179797	-0.000179797	0	0	0	381.642	4.03666e-06	4.03666e-06	0	0	0	21.8799	0.780504	5.48323	15.6162		
3	1	1	48	4.48		290	0	0	0.0018	-0.000349961	-0.000349961	0	0	0	385.028	3.97139e-06	3.97139e-06	0	0	0	22.0141	0.801835	5.52594	15.6863		
3	1	1	49	4.49		290	0	0	0.00215	-0.000520343	-0.000520343	0	0	0	388.26	3.90605e-06	3.90605e-06	0	0	0	22.1494	0.822455	5.56894	15.758		
3	1	1	50	4.5		290	0	0	0.0025	-0.000690934	-0.000690934	0	0	0	391.346	3.84063e-06	3.84063e-06	0	0	0	22.2858	0.842362	5.61222	15.8312		
3	1	1	51	4.51		290	0	0	0.00285	-0.000861724	-0.000861724	0	0	0	394.293	3.77515e-06	3.77515e-06	0	0	0	22.4233	0.861557	5.65578	15.906		
3	1	1	52	4.52		290	0	0	0.0032	-0.0010327	-0.0010327	0	0	0	397.108	3.70962e-06	3.70962e-06	0	0	0	22.5618	0.880046	5.69961	15.9822		
3	1	1	53	4.53		290	0	0	0.00355	-0.00120386	-0.00120386	0	0	0	399.796	3.64404e-06	3.64404e-06	0	0	0	22.7013	0.897837	5.74371	16.0597		
3	1	1	54	4.54		290	0	0	0.0039	-0.00137519	-0.00137519	0	0	0	402.365	3.57842e-06	3.57842e-06	0	0	0	22.8416	0.914939	5.78808	16.1386		
3	1	1	55	4.55		290	0	0	0.00425	-0.00154669	-0.00154669	0	0	0	404.818	3.51276e-06	3.51276e-06	0	0	0	22.9829	0.931368	5.8327	16.2188		
3	1	1	56	4.56		290	0	0	0.0046	-0.00171834	-0.00171834	0	0	0	407.164	3.44707e-06	3.44707e-06	0	0	0	23.125	0.947136	5.87757	16.3003		
3	1	1	57	4.57		290	0	0	0.00495	-0.00189013	-0.00189013	0	0	0	409.406	3.38136e-06	3.38136e-06	0	0	0	23.2679	0.962261	5.9227	16.3829		
3	1	1	58	4.58		290	0	0	0.0053	-0.00206207	-0.00206207	0	0	0	411.549	3.31562e-06	3.31562e-06	0	0	0	23.4116	0.976759	5.96807	16.4667		
3	1	1	59	4.59		290	0	0	0.00565	-0.00223414	-0.00223414	0	0	0	413.6	3.24987e-06	3.24987e-06	0	0	0	23.556	0.99065	6.01368	16.5516		
3	1	1	60	4.6		290	0	0	0.006	-0.00240634	-0.00240634	0	0	0	415.562	3.18409e-06	3.18409e-06	0	0	0	23.7011	1.00395	6.05953	16.6376		
3	1	1	61	4.61		290	0	0	0.00635	-0.00257866	-0.00257866	0	0	0	417.441	3.11831e-06	3.11831e-06	0	0	0	23.8469	1.01669	6.10561	16.7246		
3	1	1	62	4.62		290	0	0	0.0067	-0.00275109	-0.00275109	0	0	0	419.24	2.38588e-06	2.38588e-06	0	0	0	23.9933	1.02887	6.15192	16.8125		
3	1	1	63	4.63		290	0	0	0.00705	-0.00292362	-0.00292362	0	0	0	420.964	1.72164e-06	1.72164e-06	0	0	0	24.1403	1.04053	6.19846	16.9013		
3	1	1	64	4.64		290	0	0	0.0074	-0.00309626	-0.00309626	0	0	0	422.616	1.11894e-06	1.11894e-06	0	0	0	24.2879	1.05167	6.24522	16.991		
3	1	1	65	4.65		290	0	0	0.00775	-0.003269	-0.003269	0	0	0	424.201	5.71726e-07	5.71727e-07	0	0	0	24.4361	1.06233	6.2922	17.0816		
3	1	1	66	4.66		290	0	0	0.0081	-0.00344183	-0.00344183	0	0	0	425.722	7.44961e-08	7.44962e-08	0	0	0	24.5849	1.07252	6.33939	17.1729		
3	1	1	67	4.67		290	0	0	0.00845	-0.00361474	-0.00361474	0	0	0	427.182	-3.77745e-07	-3.77745e-07	0	0	0	24.7341	1.08227	6.3868	17.2651		
3	1	1	68	4.68		290	0	0	0.0088	-0.00378774	-0.00378774	0	0	0	428.584	-7.89528e-07	-7.89528e-07	0	0	0	24.8839	1.09158	6.43442	17.3579		
3	1	1	69	4.69		290	0	0	0.00915	-0.00396081	-0.00396081	0	0	0	429.933	-1.16495e-06	-1.16495e-06	0	0	0	25.0341	1.10048	6.48224	17.4514		
3	1	1	70	4.7		290	0	0	0.0095	-0.00413396	-0.00413396	0	0	0	431.23	-1.50773e-06	-1.50773e-06	0	0	0	25.1848	1.10899	6.53027	17.5456		
3	1	1	71	4.71		290	0	0	0.00985	-0.00430717	-0.00430717	0	0	0	432.478	-1.82121e-06	-1.82121e-06	0	0	0	25.336	1.11713	6.5785	17.6403		
3	1	1	72	4.72		290	0	0	0.0102	-0.00448046	-0.00448046	0	0	0	433.68	-2.10843e-06	-2.10842e-06	0	0	0	25.4875	1.12491	6.62693	17.7357		
3	1	1	73	4.73		290	0	0	0.01055	-0.0046538	-0.0046538	0	0	0	434.839	-2.37209e-06	-2.37209e-06	0	0	0	25.6395	1.13235	6.67556	17.8316		
3	1	1	74	4.74		290	0	0	0.0109	-0.0048272	-0.0048272	0	0	0	435.957	-2.61467e-06	-2.61467e-06	0	0	0	25.7919	1.13946	6.72438	17.9281		
3	1	1	75	4.75		290	0	0	0.01125	-0.00500066	-0.00500066	0	0	0	437.036	-2.83836e-06	-2.83836e-06	0	0	0	25.9447	1.14627	6.7734	18.025		
3	1	1	76	4.76		290	0	0	0.0116	-0.00517417	-0.00517417	0	0	0	438.079	-3.04516e-06	-3.04516e-06	0	0	0	26.0978	1.15279	6.82261	18.1225		
3	1	1	77	4.77		290	0	0	0.01195	-0.00534773	-0.00534773	0	0	0	439.086	-3.23684e-06	-3.23684e-06	0	0	0	26.2514	1.15903	6.872	18.2203		
3	1	1	78	4.78		290	0	0	0.0123	-0.00552134	-0.00552134	0	0	0	440.061	-3.41502e-06	-3.41502e-06	0	0	0	26.4052	1.165	6.92158	18.3186		
3	1	1	79	4.79		290	0	0	0.01265	-0.00569499	-0.00569499	0	0	0	441.005	-3.58112e-06	-3.58112e-06	0	0	0	26.5594	1.17073	6.97135	18.4173		
3	1	1	80	4.8		290	0	0	0.013	-0.00586869	-0.00586869	0	0	0	441.92	-3.73644e-06	-3.73644e-06	0	0	0	26.7139	1.17621	7.0213	18.5164		
3	1	1	81	4.81		290	0	0	0.01335	-0.00604242	-0.00604242	0	0	0	442.807	-3.88212e-06	-3.88212e-06	0	0	0	26.8687	1.18147	7.07143	18.6158		
3	1	1	82	4.82		290	0	0	0.0137	-0.00621619	-0.00621619	0	0	0	443.668	-4.0192e-06	-4.0192e-06	0	0	0	27.0239	1.18652	7.12175	18.7156		
3	1	1	83	4.83		290	0	0	0.01405	-0.00638999	-0.00638999	0	0	0	444.504	-4.1486e-06	-4.1486e-06	0	0	0	27.1793	1.19137	7.17224	18.8157		
3	1	1	84	4.84		290	0	0	0.0144	-0.00656383	-0.00656383	0	0	0	445.317	-4.27115e-06	-4.27115e-06	0	0	0	27.335	1.19602	7.2229	18.9161		
3	1	1	85	4.85		290	0	0	0.01475	-0.0067377	-0.0067377	0	0	0	446.108	-4.3876e-06	-4.3876e-06	0	0	0	27.491	1.20049	7.27375	19.0168		
3	1	1	86	4.86		290	0	0	0.0151	-0.0069116	-0.0069116	0	0	0	446.879	-4.49859e-06	-4.49859e-06	0	0	0	27.6473	1.20479	7.32477	19.1177		
3	1	1	87	4.87		290	0	0	0.01545	-0.00708553	-0.00708553	0	0	0	447.629	-4.60472e-06	-4.60472e-06	0	0	0	27.8038	1.20893	7.37596	19.2189		
3	1	1	88	4.88		290	0	0	0.0158	-0.00725948	-0.00725948	0	0	0	448.361	-4.70651e-06	-4.70651e-06	0	0	0	27.9606	1.21292	7.42732	19.3204		
3	1	1	89	4.89		290	0	0	0.01615	-0.00743346	-0.00743346	0	0	0	449.076	-4.80444e-06	-4.80444e-06	0	0	0	28.1177	1.21675	7.47885	19.4221		
3	1	1	90	4.9		290	0	0	0.0165	-0.00760747	-0.00760747	0	0	0	449.774	-4.89892e-06	-4.89892e-06	0	0	0	28.275	1.22045	7.53056	19.524		
3	1	1	91	4.91		290	0	0	0.01685	-0.00778149	-0.00778149	0	0	0	450.456	-4.99033e-06	-4.99033e-06	0	0	0	28.4325	1.22403	7.58243	19.6261		
3	1	1	92	4.92		290	0	0	0.0172	-0.00795554	-0.00795554	0	0	0	451.124	-5.07901e-06	-5.07901e-06	0	0	0	28.5903	1.22747	7.63447	19.7283		
3	1	1	93	4.93		290	0	0	0.01755	-0.0081296	-0.0081296	0	0	0	451.777	-5.16524e-06	-5.16524e-06	0	0	0	28.7483	1.23081	7.68667	19.8308		
3	1	1	94	4.94		290	0	0	0.0179	-0.00830369	-0.00830369	0	0	0	452.418	-5.2493e-06	-5.2493e-06	0	0	0	28.9065	1.23403	7.73904	19.9335		
3	1	1	95	4.95		290	0	0	0.01825	-0.00847779	-0.00847779	0	0	0	453.045	-5.33142e-06	-5.33142e-06	0	0	0	29.065	1.23715	7.79158	20.0363		
3	1	1	96	4.96		290	0	0	0.0186	-0.00865191	-0.00865191	0	0	0	453.662	-5.41181e-06	-5.41181e-06	0	0	0	29.2237	1.24017	7.84428	20.1392		
3	1	1	97	4.97		290	0	0	0.01895	-0.00882605	-0.00882605	0	0	0	454.267	-5.49066e-06	-5.49066e-06	0	0	0	29.3825	1.24309	7.89714	20.2423		
3	1	1	98	4.98		290	0	0	0.0193	-0.0090002	-0.0090002	0	0	0	454.861	-5.56814e-06	-5.56814e-06	0	0	0	29.5416	1.24594	7.95016	20.3455		
3	1	1	99	4.99		290	0	0	0.01965	-0.00917436	-0.00917436	0	0	0	455.445	-5.6444e-06	-5.64439e-06	0	0	0	29.7009	1.24869	8.00335	20.4489		
3	1	1	100	5		290	0	0	0.02	-0.00934854	-0.00934854	0	0	0	456.021	-5.71956e-06	-5.71956e-06	0	0	0	29.8605	1.25137	8.05669	20.5524		
3	1	2	1	5.01		290	0	0	0.0198	-0.00928854	-0.00928854	0	0	0	428.021	-5.66236e-06	-5.66236e-06	0	0	0	29.772	1.16297	8.05669	20.5524		
3	1	2	2	5.02		290	0	0	0.0196	-0.00922854	-0.00922854	0	0	0	400.021	-5.60517e-06	-5.60517e-06	0	0	0	29.6892	1.08017	8.05669	20.5524		
3	1	2	3	5.03		290	0	0	0.0194	-0.00916854	-0.00916854	0	0	0	372.021	-5.54797e-06	-5.54797e-06	0	0	0	29.612	1.00296	8.05669	20.5524		
3	1	2	4	5.04		290	0	0	0.0192	-0.00910854	-0.00910854	0	0	0	344.021	-5.49078e-06	-5.49078e-06	0	0	0	29.5404	0.931357	8.05669	20.5524		
3	1	2	5	5.05		290	0	0	0.019	-0.00904854	-0.00904854	0	0	0	316.021	-5.43358e-06	-5.43358e-06	0	0	0	29.4744	0.865353	8.05669	20.5524		
3	1	2	6	5.06		290	0	0	0.0188	-0.00898854	-0.00898854	0	0	0	288.021	-5.37639e-06	-5.37639e-06	0	0	0	29.414	0.804949	8.05669	20.5524		
3	1	2	7	5.07		290	0	0	0.0186	-0.00892854	-0.00892854	0	0	0	260.021	-5.31919e-06	-5.31919e-06	0	0	0	29.3592	0.750145	8.05669	20.5524		
3	1	2	8	5.08		290	0	0	0.0184	-0.00886854	-0.00886854	0	0	0	232.021	-5.26199e-06	-5.26199e-06	0	0	0	29.31	0.700941	8.05669	20.5524		
3	1	2	9	5.09		290	0	0	0.0182	-0.00880854	-0.00880854	0	0	0	204.021	-5.2048e-06	-5.2048e-06	0	0	0	29.2664	0.657337	8.05669	20.5524		
3	1	2	10	5.1		290	0	0	0.018	-0.00874854	-0.00874854	0	0	0	176.021	-5.1476e-06	-5.1476e-06	0	0	0	29.2284	0.619333	8.05669	20.5524		
3	1	2	11	5.11		290	0	0	0.0178	-0.00868854	-0.00868854	0	0	0	148.021	-5.09041e-06	-5.09041e-06	0	0	0	29.196	0.586928	8.05669	20.5524		
3	1	2	12	5.12		290	0	0	0.0176	-0.00862854	-0.00862854	0	0	0	120.021	-5.03321e-06	-5.03321e-06	0	0	0	29.1692	0.560124	8.05669	20.5524		
3	1	2	13	5.13		290	0	0	0.0174	-0.00856854	-0.00856854	0	0	0	92.0205	-4.97602e-06	-4.97602e-06	0	0	0	29.148	0.53892	8.05669	20.5524		
3	1	2	14	5.14		290	0	0	0.0172	-0.00850854	-0.00850854	0	0	0	64.0205	-4.91882e-06	-4.91882e-06	0	0	0	29.1324	0.523316	8.05669	20.5524		
3	1	2	15	5.15		290	0	0	0.017	-0.00844854	-0.00844854	0	0	0	36.0205	-4.86162e-06	-4.86162e-06	0	0	0	29.1224	0.513312	8.05669	20.5524		
3	1	2	16	5.16		290	0	0	0.0168	-0.00838396	-0.00838396	0	0	0	11.2248	-4.80373e-06	-4.80373e-06	0	0	0	29.1177	0.498538	8.06023	20.5589		
3	1	2	17	5.17		290	0	0	0.0166	-0.00831381	-0.00831381	0	0	0	-9.6659	-4.99589e-06	-4.99589e-06	0	0	0	29.1175	0.476976	8.06807	20.5725		
3	1	2	18	5.18		290	0	0	0.0164	-0.00824256	-0.00824256	0	0	0	-29.7952	-5.31816e-06	-5.31816e-06	0	0	0	29.1215	0.458786	8.07676	20.5859		
3	1	2	19	5.19		290	0	0	0.0162	-0.00817006	-0.00817006	0	0	0	-49.0449	-5.82716e-06	-5.82716e-06	0	0	0	29.1293	0.443211	8.08643	20.5997		
3	1	2	20	5.2		290	0	0	0.016	-0.00809612	-0.00809612	0	0	0	-67.2863	-5.7676e-06	-5.7676e-06	0	0	0	29.141	0.42943	8.09721	20.6143		
3	1	2	21	5.21		290	0	0	0.0158	-0.00802055	-0.00802055	0	0	0	-84.3881	-5.7069e-06	-5.7069e-06	0	0	0	29.1561	0.416601	8.10927	20.6303		
3	1	2	22	5.22		290	0	0	0.0156	-0.00794319	-0.00794319	0	0	0	-100.232	-5.64515e-06	-5.64514e-06	0	0	0	29.1746	0.403933	8.12272	20.648		
3	1	2	23	5.23		290	0	0	0.0154	-0.00786391	-0.00786391	0	0	0	-114.735	-5.58298e-06	-5.58298e-06	0	0	0	29.1961	0.390791	8.13766	20.6676		
3	1	2	24	5.24		290	0	0	0.0152	-0.00778268	-0.00778268	0	0	0	-127.876	-5.52147e-06	-5.52147e-06	0	0	0	29.2204	0.376804	8.15413	20.6894		
3	1	2	25	5.25		290	0	0	0.015	-0.00769959	-0.00769959	0	0	0	-139.711	-5.46139e-06	-5.46139e-06	0	0	0	29.2471	0.361942	8.17206	20.7131		
3	1	2	26	5.26		290	0	0	0.0148	-0.00761482	-0.00761482	0	0	0	-150.376	-5.98972e-06	-5.98972e-06	0	0	0	29.2761	0.346498	8.19131	20.7383		
3	1	2	27	5.27		290	0	0	0.0146	-0.00752865	-0.00752865	0	0	0	-160.057	-6.23232e-06	-6.23232e-06	0	0	0	29.3072	0.330984	8.21167	20.7645		
3	1	2	28	5.28		290	0	0	0.0144	-0.00744137	-0.00744137	0	0	0	-168.957	-6.31046e-06	-6.31046e-06	0	0	0	29.3401	0.315974	8.23293	20.7912		
3	1	2	29	5.29		290	0	0	0.0142	-0.00735323	-0.00735323	0	0	0	-177.26	-6.31078e-06	-6.31078e-06	0	0	0	29.3747	0.301976	8.25487	20.8179		
3	1	2	30	5.3		290	0	0	0.014	-0.00726445	-0.00726445	0	0	0	-185.114	-6.27829e-06	-6.27829e-06	0	0	0	29.4109	0.289367	8.27733	20.8442		
3	1	2	31	5.31		290	0	0	0.0138	-0.00717518	-0.00717518	0	0	0	-192.628	-6.23251e-06	-6.23251e-06	0	0	0	29.4487	0.278388	8.30021	20.8701		
3	1	2	32	5.32		290	0	0	0.0136	-0.00708554	-0.00708554	0	0	0	-199.876	-6.18125e-06	-6.18125e-06	0	0	0	29.488	0.269164	8.3234	20.8954		
3	1	2	33	5.33		290	0	0	0.0134	-0.00699559	-0.00699559	0	0	0	-206.91	-6.1276e-06	-6.1276e-06	0	0	0	29.5286	0.261738	8.34687	20.92		
3	1	2	34	5.34		290	0	0	0.0132	-0.00690537	-0.00690537	0	0	0	-213.762	-6.07281e-06	-6.07281e-06	0	0	0	29.5707	0.256098	8.37056	20.944		
3	1	2	35	5.35		290	0	0	0.013	-0.00681493	-0.00681493	0	0	0	-220.452	-6.01745e-06	-6.01745e-06	0	0	0	29.6141	0.252197	8.39447	20.9675		
3	1	2	36	5.36		290	0	0	0.0128	-0.00672428	-0.00672428	0	0	0	-226.993	-5.96176e-06	-5.96176e-06	0	0	0	29.6589	0.249968	8.41857	20.9903		
3	1	2	37	5.37		290	0	0	0.0126	-0.00663342	-0.00663342	0	0	0	-233.394	-5.90589e-06	-5.90589e-06	0	0	0	29.7049	0.249333	8.44286	21.0127		
3	1	2	38	5.38		290	0	0	0.0124	-0.00654237	-0.00654237	0	0	0	-239.661	-5.84989e-06	-5.84989e-06	0	0	0	29.7522	0.250208	8.46732	21.0347		
3	1	2	39	5.39		290	0	0	0.0122	-0.00645114	-0.00645114	0	0	0	-245.797	-5.79382e-06	-5.79382e-06	0	0	0	29.8008	0.252506	8.49197	21.0563		
3	1	2	40	5.4		290	0	0	0.012	-0.00635972	-0.00635972	0	0	0	-251.807	-5.73768e-06	-5.73767e-06	0	0	0	29.8505	0.256143	8.51679	21.0776		
3	1	2	41	5.41		290	0	0	0.0118	-0.00626813	-0.00626813	0	0	0	-257.69	-5.68148e-06	-5.68148e-06	0	0	0	29.9015	0.261033	8.54178	21.0987		
3	1	2	42	5.42		290	0	0	0.0116	-0.00617636	-0.00617636	0	0	0	-263.451	-5.62525e-06	-5.62525e-06	0	0	0	29.9536	0.267093	8.56694	21.1195		
3	1	2	43	5.43		290	0	0	0.0114	-0.00608441	-0.00608441	0	0	0	-269.09	-5.56898e-06	-5.56898e-06	0	0	0	30.0068	0.274244	8.59227	21.1403		
3	1	2	44	5.44		290	0	0	0.0112	-0.0059923	-0.0059923	0	0	0	-274.608	-5.51267e-06	-5.51267e-06	0	0	0	30.0612	0.282408	8.61777	21.161		
3	1	2	45	5.45		290	0	0	0.011	-0.00590001	-0.00590001	0	0	0	-280.008	-5.45633e-06	-5.45633e-06	0	0	0	30.1167	0.29151	8.64344	21.1817		
3	1	2	46	5.46		290	0	0	0.0108	-0.00580756	-0.00580756	0	0	0	-285.292	-5.39995e-06	-5.39995e-06	0	0	0	30.1732	0.301478	8.66927	21.2025		
3	1	2	47	5.47		290	0	0	0.0106	-0.00571494	-0.00571494	0	0	0	-290.459	-5.34354e-06	-5.34354e-06	0	0	0	30.2308	0.312243	8.69526	21.2233		
3	1	2	48	5.48		290	0	0	0.0104	-0.00562216	-0.00562216	0	0	0	-295.513	-5.2871e-06	-5.2871e-06	0	0	0	30.2894	0.323739	8.72142	21.2442		
3	1	2	49	5.49		290	0	0	0.0102	-0.00552922	-0.00552922	0	0	0	-300.454	-5.23062e-06	-5.23062e-06	0	0	0	30.349	0.335903	8.74774	21.2653		
3	1	2	50	5.5		290	0	0	0.01	-0.00543612	-0.00543612	0	0	0	-305.284	-5.17412e-06	-5.17411e-06	0	0	0	30.4095	0.348674	8.77422	21.2866		
3	1	2	51	5.51		290	0	0	0.0098	-0.00534286	-0.00534286	0	0	0	-310.005	-5.11758e-06	-5.11758e-06	0	0	0	30.4711	0.361994	8.80086	21.3082		
3	1	2	52	5.52		290	0	0	0.0096	-0.00524946	-0.00524946	0	0	0	-314.619	-5.06101e-06	-5.06101e-06	0	0	0	30.5335	0.375808	8.82765	21.3301		
3	1	2	53	5.53		290	0	0	0.0094	-0.00515589	-0.00515589	0	0	0	-319.126	-5.00441e-06	-5.00441e-06	0	0	0	30.5969	0.390064	8.8546	21.3522		
3	1	2	54	5.54		290	0	0	0.0092	-0.00506218	-0.00506218	0	0	0	-323.529	-4.94779e-06	-4.94779e-06	0	0	0	30.6612	0.404711	8.88171	21.3748		
3	1	2	55	5.55		290	0	0	0.009	-0.00496833	-0.00496833	0	0	0	-327.829	-4.89113e-06	-4.89113e-06	0	0	0	30.7263	0.419703	8.90896	21.3976		
3	1	2	56	5.56		290	0	0	0.0088	-0.00487433	-0.00487433	0	0	0	-332.028	-4.83445e-06	-4.83445e-06	0	0	0	30.7923	0.434993	8.93637	21.4209		
3	1	2	57	5.57		290	0	0	0.0086	-0.00478018	-0.00478018	0	0	0	-336.127	-4.77775e-06	-4.77775e-06	0	0	0	30.8591	0.450541	8.96393	21.4446		
3	1	2	58	5.58		290	0	0	0.0084	-0.0046859	-0.0046859	0	0	0	-340.129	-4.72101e-06	-4.72101e-06	0	0	0	30.9267	0.466305	8.99164	21.4688		
3	1	2	59	5.59		290	0	0	0.0082	-0.00459148	-0.00459148	0	0	0	-344.035	-4.66426e-06	-4.66426e-06	0	0	0	30.9952	0.482248	9.0195	21.4934		
3	1	2	60	5.6		290	0	0	0.008	-0.00449692	-0.00449692	0	0	0	-347.847	-4.60748e-06	-4.60747e-06	0	0	0	31.0643	0.498333	9.0475	21.5185		
3	1	2	61	5.61		290	0	0	0.0078	-0.00440224	-0.00440224	0	0	0	-351.566	-4.55067e-06	-4.55067e-06	0	0	0	31.1343	0.514528	9.07564	21.5441		
3	1	2	62	5.62		290	0	0	0.0076	-0.00430742	-0.00430742	0	0	0	-355.194	-4.49384e-06	-4.49384e-06	0	0	0	31.205	0.530799	9.10393	21.5702		
3	1	2	63	5.63		290	0	0	0.0074	-0.00421247	-0.00421247	0	0	0	-358.732	-4.437e-06	-4.437e-06	0	0	0	31.2764	0.547119	9.13235	21.5969		
3	1	2	64	5.64		290	0	0	0.0072	-0.00411741	-0.00411741	0	0	0	-362.184	-4.38013e-06	-4.38013e-06	0	0	0	31.3484	0.563458	9.16092	21.6241		
3	1	2	65	5.65		290	0	0	0.007	-0.00402221	-0.00402221	0	0	0	-365.549	-4.32324e-06	-4.32324e-06	0	0	0	31.4212	0.579792	9.18962	21.6518		
3	1	2	66	5.66		290	0	0	0.0068	-0.0039269	-0.0039269	0	0	0	-368.831	-4.26634e-06	-4.26634e-06	0	0	0	31.4947	0.596096	9.21846	21.6801		
3	1	2	67	5.67		290	0	0	0.0066	-0.00383147	-0.00383147	0	0	0	-372.03	-4.20941e-06	-4.20941e-06	0	0	0	31.5687	0.612347	9.24743	21.709		
3	1	2	68	5.68		290	0	0	0.0064	-0.00373593	-0.00373593	0	0	0	-375.149	-4.15247e-06	-4.15247e-06	0	0	0	31.6435	0.628525	9.27654	21.7384		
3	1	2	69	5.69		290	0	0	0.0062	-0.00364027	-0.00364027	0	0	0	-378.188	-4.09551e-06	-4.09551e-06	0	0	0	31.7188	0.64461	9.30577	21.7684		
3	1	2	70	5.7		290	0	0	0.006	-0.0035445	-0.0035445	0	0	0	-381.151	-4.03854e-06	-4.03854e-06	0	0	0	31.7947	0.660585	9.33513	21.799		
3	1	2	71	5.71		290	0	0	0.0058	-0.00344862	-0.00344862	0	0	0	-384.037	-3.98156e-06	-3.98155e-06	0	0	0	31.8712	0.676433	9.36463	21.8302		
3	1	2	72	5.72		290	0	0	0.0056	-0.00335264	-0.00335264	0	0	0	-386.85	-3.92456e-06	-3.92455e-06	0	0	0	31.9483	0.692139	9.39424	21.8619		
3	1	2	73	5.73		290	0	0	0.0054	-0.00325656	-0.00325656	0	0	0	-389.591	-3.86754e-06	-3.86754e-06	0	0	0	32.026	0.707691	9.42399	21.8943		
3	1	2	74	5.74		290	0	0	0.0052	-0.00316037	-0.00316037	0	0	0	-392.26	-3.81052e-06	-3.81051e-06	0	0	0	32.1042	0.723074	9.45385	21.9272		
3	1	2	75	5.75		290	0	0	0.005	-0.00306409	-0.00306409	0	0	0	-394.861	-3.75348e-06	-3.75348e-06	0	0	0	32.1829	0.738278	9.48383	21.9608		
3	1	2	76	5.76		290	0	0	0.0048	-0.00296771	-0.00296771	0	0	0	-397.394	-3.69643e-06	-3.69643e-06	0	0	0	32.2621	0.753293	9.51394	21.9949		
3	1	2	77	5.77		290	0	0	0.0046	-0.00287123	-0.00287123	0	0	0	-399.861	-3.63937e-06	-3.63937e-06	0	0	0	32.3418	0.76811	9.54416	22.0296		
3	1	2	78	5.78		290	0	0	0.0044	-0.00277466	-0.00277466	0	0	0	-402.264	-3.5823e-06	-3.5823e-06	0	0	0	32.422	0.78272	9.5745	22.0648		
3	1	2	79	5.79		290	0	0	0.0042	-0.00267801	-0.00267801	0	0	0	-404.604	-3.52523e-06	-3.52522e-06	0	0	0	32.5027	0.797117	9.60495	22.1007		
3	1	2	80	5.8		290	0	0	0.004	-0.00258126	-0.00258126	0	0	0	-406.883	-3.46814e-06	-3.46814e-06	0	0	0	32.5839	0.811293	9.63552	22.1371		
3	1	2	81	5.81		290	0	0	0.0038	-0.00248443	-0.00248443	0	0	0	-409.102	-2.7139e-06	-2.7139e-06	0	0	0	32.6655	0.825245	9.6662	22.174		
3	1	2	82	5.82		290	0	0	0.0036	-0.00238752	-0.00238752	0	0	0	-411.262	-1.99425e-06	-1.99425e-06	0	0	0	32.7475	0.838966	9.69698	22.2116		
3	1	2	83	5.83		290	0	0	0.0034	-0.00229052	-0.00229052	0	0	0	-413.366	-1.3078e-06	-1.3078e-06	0	0	0	32.83	0.852453	9.72788	22.2496		
3	1	2	84	5.84		290	0	0	0.0032	-0.00219345	-0.00219345	0	0	0	-415.414	-6.53154e-07	-6.53153e-07	0	0	0	32.9128	0.865703	9.75888	22.2883		
3	1	2	85	5.85		290	0	0	0.003	-0.0020963	-0.0020963	0	0	0	-417.408	-2.89828e-08	-2.89818e-08	0	0	0	32.9961	0.878714	9.78999	22.3274		
3	1	2	86	5.86		290	0	0	0.0028	-0.00199907	-0.00199907	0	0	0	-419.35	5.66025e-07	5.66026e-07	0	0	0	33.0798	0.891483	9.82121	22.3671		
3	1	2	87	5.87		290	0	0	0.0026	-0.00190177	-0.00190177	0	0	0	-421.24	1.13314e-06	1.13314e-06	0	0	0	33.1639	0.904009	9.85252	22.4073		
3	1	2	88	5.88		290	0	0	0.0024	-0.0018044	-0.0018044	0	0	0	-423.08	1.6736e-06	1.6736e-06	0	0	0	33.2483	0.916291	9.88394	22.4481		
3	1	2	89	5.89		290	0	0	0.0022	-0.00170696	-0.00170696	0	0	0	-424.872	2.1886e-06	2.1886e-06	0	0	0	33.3331	0.928328	9.91546	22.4893		
3	1	2	90	5.9		290	0	0	0.002	-0.00160945	-0.00160945	0	0	0	-426.616	2.67931e-06	2.67931e-06	0	0	0	33.4182	0.940122	9.94707	22.531		
3	1	2	91	5.91		290	0	0	0.0018	-0.00151188	-0.00151188	0	0	0	-428.314	3.14684e-06	3.14684e-06	0	0	0	33.5037	0.951671	9.97878	22.5733		
3	1	2	92	5.92		290	0	0	0.0016	-0.00141424	-0.00141424	0	0	0	-429.968	3.59228e-06	3.59229e-06	0	0	0	33.5896	0.962978	10.0106	22.616		
3	1	2	93	5.93		290	0	0	0.0014	-0.00131654	-0.00131654	0	0	0	-431.578	4.01669e-06	4.01669e-06	0	0	0	33.6757	0.974044	10.0425	22.6592		
3	1	2	94	5.94		290	0	0	0.0012	-0.00121878	-0.00121878	0	0	0	-433.145	4.42106e-06	4.42106e-06	0	0	0	33.7622	0.984869	10.0745	22.7028		
3	1	2	95	5.95		290	0	0	0.001	-0.00112096	-0.00112096	0	0	0	-434.671	4.80638e-06	4.80638e-06	0	0	0	33.849	0.995456	10.1066	22.7469		
3	1	2	96	5.96		290	0	0	0.0008	-0.00102308	-0.00102308	0	0	0	-436.157	5.17358e-06	5.17358e-06	0	0	0	33.9361	1.00581	10.1388	22.7915		
3	1	2	97	5.97		290	0	0	0.0006	-0.000925148	-0.000925148	0	0	0	-437.604	5.52356e-06	5.52356e-06	0	0	0	34.0234	1.01592	10.171	22.8365		
3	1	2	98	5.98		290	0	0	0.0004	-0.000827161	-0.000827161	0	0	0	-439.013	5.85718e-06	5.85718e-06	0	0	0	34.1111	1.02581	10.2034	22.8819		
3	1	2	99	5.99		290	0	0	0.0002	-0.000729122	-0.000729122	0	0	0	-440.385	6.17527e-06	6.17527e-06	0	0	0	34.199	1.03547	10.2358	22.9277		
3	1	2	100	6		290	0	0	3.03577e-18	-0.000631031	-0.000631031	0	0	0	-441.722	6.47863e-06	6.47863e-06	0	0	0	34.2872	1.0449	10.2684	22.974		
