1	1	1	1	3		293.15	0	0	0.0002	-6.91104e-05	-6.91104e-05	0	0	0	0.530305	-4.68565e-07	-4.68565e-07	0	0	0	5.30305e-05	4.97773e-05	0	3.25321e-06		
1	1	1	2	6		293.15	0	0	0.0004	-0.000138059	-0.000138059	0	0	0	1.02127	-1.03455e-06	-1.03455e-06	0	0	0	0.000208189	0.000188996	0	1.91927e-05		
1	1	1	3	9		293.15	0	0	0.0006	-0.000205857	-0.000205857	0	0	0	1.48705	-1.72245e-06	-1.72245e-06	0	0	0	0.000459021	0.000410374	0	4.86468e-05		
1	1	1	4	12		293.15	0	0	0.0008	-0.000272718	-0.000272718	0	0	0	1.93626	-2.09479e-06	-2.09479e-06	0	0	0	0.000801352	0.000710413	0	9.09394e-05		
1	1	1	5	15		293.15	0	0	0.001	-0.000338628	-0.000338628	0	0	0	2.37404	-2.37334e-06	-2.37334e-06	0	0	0	0.00123238	0.00108675	0	0.000145635		
1	1	1	6	18		293.15	0	0	0.0012	-0.000403508	-0.000403508	0	0	0	2.80338	-2.64236e-06	-2.64236e-06	0	0	0	0.00175013	0.00153727	0	0.000212854		
1	1	1	7	21		293.15	0	0	0.0014	-0.000467281	-0.000467281	0	0	0	3.22594	-2.95742e-06	-2.95742e-06	0	0	0	0.00235306	0.0020599	0	0.000293162		
1	1	1	8	24		293.15	0	0	0.0016	-0.000529889	-0.000529889	0	0	0	3.64259	-3.37687e-06	-3.37687e-06	0	0	0	0.00303991	0.00265253	0	0.000387384		
1	1	1	9	27		293.15	0	0	0.0018	-0.000591304	-0.000591304	0	0	0	4.05382	-3.97208e-06	-3.97208e-06	0	0	0	0.00380955	0.00331311	0	0.000496446		
1	1	1	10	30		293.15	0	0	0.002	-0.000651527	-0.000651527	0	0	0	4.45991	-4.20456e-06	-4.20456e-06	0	0	0	0.00466093	0.00403965	0	0.000621279		
1	1	1	11	33		293.15	0	0	0.0022	-0.000710583	-0.000710583	0	0	0	4.86106	-4.54497e-06	-4.54497e-06	0	0	0	0.00559302	0.00483025	0	0.000762774		
1	1	1	12	36		293.15	0	0	0.0024	-0.000768507	-0.000768507	0	0	0	5.25745	-5.02711e-06	-5.02711e-06	0	0	0	0.00660488	0.00568311	0	0.000921762		
1	1	1	13	39		293.15	0	0	0.0026	-0.000825342	-0.000825342	0	0	0	5.64926	-5.68596e-06	-5.68596e-06	0	0	0	0.00769555	0.00659654	0	0.00109901		
1	1	1	14	42		293.15	0	0	0.0028	-0.000881134	-0.000881134	0	0	0	6.03662	-5.95309e-06	-5.95309e-06	0	0	0	0.00886414	0.00756892	0	0.00129522		
1	1	1	15	45		293.15	0	0	0.003	-0.000935925	-0.000935925	0	0	0	6.41969	-6.30386e-06	-6.30386e-06	0	0	0	0.0101098	0.00859874	0	0.00151103		
1	1	1	16	48		293.15	0	0	0.0032	-0.000989761	-0.000989761	0	0	0	6.7986	-6.75208e-06	-6.75208e-06	0	0	0	0.0114316	0.00968458	0	0.00174702		
1	1	1	17	51		293.15	0	0	0.0034	-0.00104268	-0.00104268	0	0	0	7.17347	-7.31171e-06	-7.31171e-06	0	0	0	0.0128288	0.0108251	0	0.00200373		
1	1	1	18	54		293.15	0	0	0.0036	-0.00109473	-0.00109473	0	0	0	7.54442	-7.99677e-06	-7.99677e-06	0	0	0	0.0143006	0.012019	0	0.00228163		
1	1	1	19	57		293.15	0	0	0.0038	-0.00114594	-0.00114594	0	0	0	7.91156	-8.27391e-06	-8.27391e-06	0	0	0	0.0158462	0.013265	0	0.00258116		
1	1	1	20	60		293.15	0	0	0.004	-0.00119635	-0.00119635	0	0	0	8.27498	-8.60719e-06	-8.60719e-06	0	0	0	0.0174649	0.0145622	0	0.00290269		
1	1	1	21	63		293.15	0	0	0.0042	-0.00124599	-0.00124599	0	0	0	8.6348	-9.00251e-06	-9.00251e-06	0	0	0	0.0191558	0.0159092	0	0.00324658		
1	1	1	22	66		293.15	0	0	0.0044	-0.00129491	-0.00129491	0	0	0	8.99109	-9.46582e-06	-9.46582e-06	0	0	0	0.0209184	0.0173053	0	0.00361313		
1	1	1	23	69		293.15	0	0	0.0046	-0.00134314	-0.00134314	0	0	0	9.34396	-1.00031e-05	-1.00031e-05	0	0	0	0.0227519	0.0187493	0	0.00400262		
1	1	1	24	72		293.15	0	0	0.0048	-0.0013907	-0.0013907	0	0	0	9.69349	-1.06202e-05	-1.06202e-05	0	0	0	0.0246557	0.0202404	0	0.00441527		
1	1	1	25	75		293.15	0	0	0.005	-0.00143763	-0.00143763	0	0	0	10.0398	-1.13232e-05	-1.13232e-05	0	0	0	0.026629	0.0217777	0	0.0048513		
1	1	1	26	78		293.15	0	0	0.0052	-0.00148396	-0.00148396	0	0	0	10.3829	-1.1612e-05	-1.1612e-05	0	0	0	0.0286713	0.0233604	0	0.00531089		
1	1	1	27	81		293.15	0	0	0.0054	-0.00152971	-0.00152971	0	0	0	10.7228	-1.19389e-05	-1.19389e-05	0	0	0	0.0307818	0.0249876	0	0.00579418		
1	1	1	28	84		293.15	0	0	0.0056	-0.00157493	-0.00157493	0	0	0	11.0598	-1.23065e-05	-1.23065e-05	0	0	0	0.0329601	0.0266588	0	0.00630132		
1	1	1	29	87		293.15	0	0	0.0058	-0.00161962	-0.00161962	0	0	0	11.3938	-1.27174e-05	-1.27174e-05	0	0	0	0.0352055	0.0283731	0	0.00683239		
1	1	1	30	90		293.15	0	0	0.006	-0.00166382	-0.00166382	0	0	0	11.7249	-1.31739e-05	-1.31739e-05	0	0	0	0.0375173	0.0301298	0	0.0073875		
1	1	1	31	93		293.15	0	0	0.0062	-0.00170756	-0.00170756	0	0	0	12.0532	-1.36784e-05	-1.36784e-05	0	0	0	0.0398952	0.0319285	0	0.0079667		
1	1	1	32	96		293.15	0	0	0.0064	-0.00175086	-0.00175086	0	0	0	12.3788	-1.42331e-05	-1.42331e-05	0	0	0	0.0423384	0.0337683	0	0.00857006		
1	1	1	33	99		293.15	0	0	0.0066	-0.00179373	-0.00179373	0	0	0	12.7016	-1.48403e-05	-1.48403e-05	0	0	0	0.0448464	0.0356488	0	0.00919759		
1	1	1	34	102		293.15	0	0	0.0068	-0.00183621	-0.00183621	0	0	0	13.0219	-1.55021e-05	-1.55021e-05	0	0	0	0.0474188	0.0375694	0	0.00984933		
1	1	1	35	105		293.15	0	0	0.007	-0.00187832	-0.00187832	0	0	0	13.3395	-1.57801e-05	-1.57801e-05	0	0	0	0.0500549	0.0395296	0	0.0105253		
1	1	1	36	108		293.15	0	0	0.0072	-0.00192007	-0.00192007	0	0	0	13.6546	-1.60824e-05	-1.60824e-05	0	0	0	0.0527543	0.0415289	0	0.0112254		
1	1	1	37	111		293.15	0	0	0.0074	-0.00196149	-0.00196149	0	0	0	13.9673	-1.64098e-05	-1.64098e-05	0	0	0	0.0555165	0.0435667	0	0.0119498		
1	1	1	38	114		293.15	0	0	0.0076	-0.0020026	-0.0020026	0	0	0	14.2776	-1.6763e-05	-1.6763e-05	0	0	0	0.058341	0.0456427	0	0.0126983		
1	1	1	39	117		293.15	0	0	0.0078	-0.00204342	-0.00204342	0	0	0	14.5855	-1.71429e-05	-1.71429e-05	0	0	0	0.0612273	0.0477564	0	0.0134709		
1	1	1	40	120		293.15	0	0	0.008	-0.00208396	-0.00208396	0	0	0	14.8911	-1.755e-05	-1.755e-05	0	0	0	0.064175	0.0499073	0	0.0142676		
1	1	1	41	123		293.15	0	0	0.0082	-0.00212424	-0.00212424	0	0	0	15.1944	-1.7985e-05	-1.7985e-05	0	0	0	0.0671835	0.0520951	0	0.0150884		
1	1	1	42	126		293.15	0	0	0.0084	-0.00216428	-0.00216428	0	0	0	15.4956	-1.84485e-05	-1.84485e-05	0	0	0	0.0702525	0.0543194	0	0.0159331		
1	1	1	43	129		293.15	0	0	0.0086	-0.0022041	-0.0022041	0	0	0	15.7946	-1.8941e-05	-1.8941e-05	0	0	0	0.0733815	0.0565797	0	0.0168018		
1	1	1	44	132		293.15	0	0	0.0088	-0.00224371	-0.00224371	0	0	0	16.0914	-1.94627e-05	-1.94627e-05	0	0	0	0.0765701	0.0588758	0	0.0176943		
1	1	1	45	135		293.15	0	0	0.009	-0.00228312	-0.00228312	0	0	0	16.3862	-2.00143e-05	-2.00143e-05	0	0	0	0.0798179	0.0612073	0	0.0186106		
1	1	1	46	138		293.15	0	0	0.0092	-0.00232236	-0.00232236	0	0	0	16.679	-2.05958e-05	-2.05958e-05	0	0	0	0.0831244	0.0635739	0	0.0195505		
1	1	1	47	141		293.15	0	0	0.0094	-0.00236143	-0.00236143	0	0	0	16.9698	-2.12077e-05	-2.12077e-05	0	0	0	0.0864893	0.0659752	0	0.0205141		
1	1	1	48	144		293.15	0	0	0.0096	-0.00240035	-0.00240035	0	0	0	17.2586	-2.185e-05	-2.185e-05	0	0	0	0.0899121	0.0684109	0	0.0215013		
1	1	1	49	147		293.15	0	0	0.0098	-0.00243914	-0.00243914	0	0	0	17.5455	-2.25228e-05	-2.25228e-05	0	0	0	0.0933926	0.0708807	0	0.0225118		
1	1	1	50	150		293.15	0	0	0.01	-0.0024778	-0.0024778	0	0	0	17.8306	-2.32263e-05	-2.32263e-05	0	0	0	0.0969302	0.0733844	0	0.0235458		
1	1	1	51	153		293.15	0	0	0.0102	-0.00251635	-0.00251635	0	0	0	18.1138	-2.35295e-05	-2.35295e-05	0	0	0	0.100525	0.0759217	0	0.0246029		
1	1	1	52	156		293.15	0	0	0.0104	-0.0025548	-0.0025548	0	0	0	18.3953	-2.38461e-05	-2.38461e-05	0	0	0	0.104176	0.0784922	0	0.0256833		
1	1	1	53	159		293.15	0	0	0.0106	-0.00259316	-0.00259316	0	0	0	18.6749	-2.41763e-05	-2.41763e-05	0	0	0	0.107883	0.0810958	0	0.0267867		
1	1	1	54	162		293.15	0	0	0.0108	-0.00263144	-0.00263144	0	0	0	18.9529	-2.45199e-05	-2.45199e-05	0	0	0	0.111645	0.0837322	0	0.0279131		
1	1	1	55	165		293.15	0	0	0.011	-0.00266966	-0.00266966	0	0	0	19.2291	-2.4877e-05	-2.4877e-05	0	0	0	0.115464	0.0864012	0	0.0290624		
1	1	1	56	168		293.15	0	0	0.0112	-0.00270782	-0.00270782	0	0	0	19.5037	-2.52473e-05	-2.52473e-05	0	0	0	0.119337	0.0891024	0	0.0302344		
1	1	1	57	171		293.15	0	0	0.0114	-0.00274593	-0.00274593	0	0	0	19.7767	-2.56309e-05	-2.56309e-05	0	0	0	0.123265	0.0918357	0	0.0314291		
1	1	1	58	174		293.15	0	0	0.0116	-0.00278401	-0.00278401	0	0	0	20.048	-2.60276e-05	-2.60276e-05	0	0	0	0.127247	0.0946009	0	0.0326464		
1	1	1	59	177		293.15	0	0	0.0118	-0.00282206	-0.00282206	0	0	0	20.3178	-2.64373e-05	-2.64373e-05	0	0	0	0.131284	0.0973978	0	0.0338862		
1	1	1	60	180		293.15	0	0	0.012	-0.00286009	-0.00286009	0	0	0	20.5861	-2.68598e-05	-2.68598e-05	0	0	0	0.135374	0.100226	0	0.0351483		
1	1	1	61	183		293.15	0	0	0.0122	-0.0028981	-0.0028981	0	0	0	20.8528	-2.72949e-05	-2.72949e-05	0	0	0	0.139518	0.103086	0	0.0364327		
1	1	1	62	186		293.15	0	0	0.0124	-0.00293612	-0.00293612	0	0	0	21.1181	-2.77424e-05	-2.77424e-05	0	0	0	0.143715	0.105976	0	0.0377392		
1	1	1	63	189		293.15	0	0	0.0126	-0.00297414	-0.00297414	0	0	0	21.3819	-2.82022e-05	-2.82022e-05	0	0	0	0.147965	0.108897	0	0.0390678		
1	1	1	64	192		293.15	0	0	0.0128	-0.00301217	-0.00301217	0	0	0	21.6443	-2.86739e-05	-2.86739e-05	0	0	0	0.152268	0.11185	0	0.0404184		
1	1	1	65	195		293.15	0	0	0.013	-0.00305022	-0.00305022	0	0	0	21.9052	-2.91575e-05	-2.91575e-05	0	0	0	0.156623	0.114832	0	0.0417908		
1	1	1	66	198		293.15	0	0	0.0132	-0.0030883	-0.0030883	0	0	0	22.1648	-2.96525e-05	-2.96525e-05	0	0	0	0.16103	0.117845	0	0.0431849		
1	1	1	67	201		293.15	0	0	0.0134	-0.00312641	-0.00312641	0	0	0	22.4231	-3.01588e-05	-3.01588e-05	0	0	0	0.165489	0.120888	0	0.0446007		
1	1	1	68	204		293.15	0	0	0.0136	-0.00316456	-0.00316456	0	0	0	22.68	-3.0676e-05	-3.0676e-05	0	0	0	0.169999	0.123961	0	0.046038		
1	1	1	69	207		293.15	0	0	0.0138	-0.00320276	-0.00320276	0	0	0	22.9356	-3.1204e-05	-3.1204e-05	0	0	0	0.174561	0.127064	0	0.0474968		
1	1	1	70	210		293.15	0	0	0.014	-0.003241	-0.003241	0	0	0	23.1899	-3.17424e-05	-3.17424e-05	0	0	0	0.179173	0.130196	0	0.0489769		
1	1	1	71	213		293.15	0	0	0.0142	-0.00327931	-0.00327931	0	0	0	23.443	-3.22909e-05	-3.22909e-05	0	0	0	0.183836	0.133358	0	0.0504783		
1	1	1	72	216		293.15	0	0	0.0144	-0.00331768	-0.00331768	0	0	0	23.6948	-3.28492e-05	-3.28492e-05	0	0	0	0.18855	0.136549	0	0.0520007		
1	1	1	73	219		293.15	0	0	0.0146	-0.00335611	-0.00335611	0	0	0	23.9454	-3.34169e-05	-3.34169e-05	0	0	0	0.193314	0.13977	0	0.0535442		
1	1	1	74	222		293.15	0	0	0.0148	-0.00339462	-0.00339462	0	0	0	24.1948	-3.39939e-05	-3.39939e-05	0	0	0	0.198128	0.14302	0	0.0551087		
1	1	1	75	225		293.15	0	0	0.015	-0.00343321	-0.00343321	0	0	0	24.443	-3.45798e-05	-3.45798e-05	0	0	0	0.202992	0.146298	0	0.056694		
1	1	1	76	228		293.15	0	0	0.0152	-0.00347188	-0.00347188	0	0	0	24.6901	-3.51741e-05	-3.51741e-05	0	0	0	0.207905	0.149605	0	0.0583		
1	1	1	77	231		293.15	0	0	0.0154	-0.00351063	-0.00351063	0	0	0	24.936	-3.57767e-05	-3.57767e-05	0	0	0	0.212868	0.152941	0	0.0599266		
1	1	1	78	234		293.15	0	0	0.0156	-0.00354948	-0.00354948	0	0	0	25.1809	-3.63872e-05	-3.63872e-05	0	0	0	0.21788	0.156306	0	0.0615738		
1	1	1	79	237		293.15	0	0	0.0158	-0.00358841	-0.00358841	0	0	0	25.4246	-3.70053e-05	-3.70053e-05	0	0	0	0.22294	0.159699	0	0.0632414		
1	1	1	80	240		293.15	0	0	0.016	-0.00362745	-0.00362745	0	0	0	25.6672	-3.76306e-05	-3.76306e-05	0	0	0	0.228049	0.16312	0	0.0649294		
1	1	1	81	243		293.15	0	0	0.0162	-0.00366659	-0.00366659	0	0	0	25.9087	-3.82628e-05	-3.82628e-05	0	0	0	0.233207	0.166569	0	0.0666376		
1	1	1	82	246		293.15	0	0	0.0164	-0.00370584	-0.00370584	0	0	0	26.1493	-3.89016e-05	-3.89016e-05	0	0	0	0.238413	0.170047	0	0.0683659		
1	1	1	83	249		293.15	0	0	0.0166	-0.00374519	-0.00374519	0	0	0	26.3887	-3.95467e-05	-3.95467e-05	0	0	0	0.243667	0.173552	0	0.0701143		
1	1	1	84	252		293.15	0	0	0.0168	-0.00378465	-0.00378465	0	0	0	26.6272	-4.01977e-05	-4.01977e-05	0	0	0	0.248968	0.177085	0	0.0718827		
1	1	1	85	255		293.15	0	0	0.017	-0.00382423	-0.00382423	0	0	0	26.8647	-4.08543e-05	-4.08543e-05	0	0	0	0.254317	0.180646	0	0.0736709		
1	1	1	86	258		293.15	0	0	0.0172	-0.00386393	-0.00386393	0	0	0	27.1011	-4.15162e-05	-4.15162e-05	0	0	0	0.259714	0.184235	0	0.0754789		
1	1	1	87	261		293.15	0	0	0.0174	-0.00390374	-0.00390374	0	0	0	27.3366	-4.21831e-05	-4.21831e-05	0	0	0	0.265158	0.187851	0	0.0773066		
1	1	1	88	264		293.15	0	0	0.0176	-0.00394368	-0.00394368	0	0	0	27.5712	-4.28547e-05	-4.28547e-05	0	0	0	0.270648	0.191495	0	0.0791538		
1	1	1	89	267		293.15	0	0	0.0178	-0.00398374	-0.00398374	0	0	0	27.8048	-4.35307e-05	-4.35307e-05	0	0	0	0.276186	0.195166	0	0.0810205		
1	1	1	90	270		293.15	0	0	0.018	-0.00402393	-0.00402393	0	0	0	28.0375	-4.42107e-05	-4.42107e-05	0	0	0	0.28177	0.198864	0	0.0829066		
1	1	1	91	273		293.15	0	0	0.0182	-0.00406425	-0.00406425	0	0	0	28.2693	-4.48946e-05	-4.48946e-05	0	0	0	0.287401	0.202589	0	0.084812		
1	1	1	92	276		293.15	0	0	0.0184	-0.0041047	-0.0041047	0	0	0	28.5001	-4.55819e-05	-4.55819e-05	0	0	0	0.293078	0.206341	0	0.0867366		
1	1	1	93	279		293.15	0	0	0.0186	-0.00414529	-0.00414529	0	0	0	28.7301	-4.62723e-05	-4.62723e-05	0	0	0	0.298801	0.210121	0	0.0886803		
1	1	1	94	282		293.15	0	0	0.0188	-0.004186	-0.004186	0	0	0	28.9592	-4.69658e-05	-4.69658e-05	0	0	0	0.30457	0.213927	0	0.090643		
1	1	1	95	285		293.15	0	0	0.019	-0.00422686	-0.00422686	0	0	0	29.1875	-4.76618e-05	-4.76618e-05	0	0	0	0.310385	0.21776	0	0.0926246		
1	1	1	96	288		293.15	0	0	0.0192	-0.00426785	-0.00426785	0	0	0	29.4149	-4.83603e-05	-4.83603e-05	0	0	0	0.316245	0.22162	0	0.0946251		
1	1	1	97	291		293.15	0	0	0.0194	-0.00430898	-0.00430898	0	0	0	29.6415	-4.90608e-05	-4.90608e-05	0	0	0	0.32215	0.225506	0	0.0966444		
1	1	1	98	294		293.15	0	0	0.0196	-0.00435025	-0.00435025	0	0	0	29.8672	-4.97632e-05	-4.97632e-05	0	0	0	0.328101	0.229419	0	0.0986822		
1	1	1	99	297		293.15	0	0	0.0198	-0.00439167	-0.00439167	0	0	0	30.0922	-5.04672e-05	-5.04672e-05	0	0	0	0.334097	0.233359	0	0.100739		
1	1	1	100	300		293.15	0	0	0.02	-0.00443322	-0.00443322	0	0	0	30.3163	-5.11726e-05	-5.11726e-05	0	0	0	0.340138	0.237325	0	0.102814		
1	1	2	1	303		293.15	0	0	0.0200016	-0.00440561	-0.00440561	0	0	0	30.0132	-5.09763e-05	-5.09763e-05	0	0	0	0.340188	0.235358	0	0.10483		
1	1	2	2	306		293.15	0	0	0.0199853	-0.00437364	-0.00437364	0	0	0	29.71	-5.08154e-05	-5.08154e-05	0	0	0	0.339699	0.232934	0	0.106765		
1	1	2	3	309		293.15	0	0	0.0199616	-0.00434065	-0.00434065	0	0	0	29.4068	-5.06207e-05	-5.06207e-05	0	0	0	0.338998	0.230374	0	0.108624		
1	1	2	4	312		293.15	0	0	0.0199327	-0.00430664	-0.00430664	0	0	0	29.1037	-5.03556e-05	-5.03556e-05	0	0	0	0.338152	0.227741	0	0.110411		
1	1	2	5	315		293.15	0	0	0.0198987	-0.00427234	-0.00427234	0	0	0	28.8005	-5.00903e-05	-5.00903e-05	0	0	0	0.33717	0.225042	0	0.112128		
1	1	2	6	318		293.15	0	0	0.0198602	-0.00423801	-0.00423801	0	0	0	28.4973	-4.98048e-05	-4.98048e-05	0	0	0	0.336066	0.222287	0	0.113779		
1	1	2	7	321		293.15	0	0	0.0198177	-0.00420326	-0.00420326	0	0	0	28.1942	-4.90605e-05	-4.90605e-05	0	0	0	0.334862	0.219496	0	0.115366		
1	1	2	8	324		293.15	0	0	0.0197714	-0.00416771	-0.00416771	0	0	0	27.891	-4.87106e-05	-4.87106e-05	0	0	0	0.333564	0.216674	0	0.11689		
1	1	2	9	327		293.15	0	0	0.0197202	-0.00413067	-0.00413067	0	0	0	27.5879	-4.80837e-05	-4.80837e-05	0	0	0	0.332144	0.21379	0	0.118354		
1	1	2	10	330		293.15	0	0	0.0196623	-0.00409441	-0.00409441	0	0	0	27.2847	-4.81722e-05	-4.81722e-05	0	0	0	0.330554	0.210792	0	0.119762		
1	1	2	11	333		293.15	0	0	0.0196027	-0.00407002	-0.00407002	0	0	0	26.9815	-4.79961e-05	-4.79961e-05	0	0	0	0.328936	0.207823	0	0.121113		
1	1	2	12	336		293.15	0	0	0.0195474	-0.00403506	-0.00403506	0	0	0	26.6784	-4.75656e-05	-4.75656e-05	0	0	0	0.327454	0.205049	0	0.122405		
1	1	2	13	339		293.15	0	0	0.0194824	-0.00400941	-0.00400941	0	0	0	26.3752	-4.74136e-05	-4.74136e-05	0	0	0	0.32573	0.202082	0	0.123648		
1	1	2	14	342		293.15	0	0	0.019422	-0.00397425	-0.00397425	0	0	0	26.072	-4.71875e-05	-4.71875e-05	0	0	0	0.324146	0.199309	0	0.124837		
1	1	2	15	345		293.15	0	0	0.0193532	-0.00395091	-0.00395091	0	0	0	25.7689	-4.71125e-05	-4.71125e-05	0	0	0	0.322362	0.196382	0	0.12598		
1	1	2	16	348		293.15	0	0	0.0192865	-0.00391591	-0.00391591	0	0	0	25.4657	-4.70306e-05	-4.70306e-05	0	0	0	0.320652	0.193577	0	0.127075		
1	1	2	17	351		293.15	0	0	0.0192141	-0.00389459	-0.00389459	0	0	0	25.1625	-4.70934e-05	-4.70934e-05	0	0	0	0.318822	0.190697	0	0.128125		
1	1	2	18	354		293.15	0	0	0.0191388	-0.00386918	-0.00386918	0	0	0	24.8594	-4.68586e-05	-4.68586e-05	0	0	0	0.316938	0.187807	0	0.129131		
1	1	2	19	357		293.15	0	0	0.0190619	-0.00384261	-0.00384261	0	0	0	24.5562	-4.60267e-05	-4.60267e-05	0	0	0	0.315038	0.184943	0	0.130095		
1	1	2	20	360		293.15	0	0	0.0189835	-0.00381676	-0.00381676	0	0	0	24.2531	-4.52093e-05	-4.52093e-05	0	0	0	0.313124	0.182107	0	0.131018		
1	1	2	21	363		293.15	0	0	0.0189036	-0.00379153	-0.00379153	0	0	0	23.9499	-4.41029e-05	-4.41029e-05	0	0	0	0.311198	0.179297	0	0.131901		
1	1	2	22	366		293.15	0	0	0.0188221	-0.00376687	-0.00376687	0	0	0	23.6467	-4.32676e-05	-4.32676e-05	0	0	0	0.309258	0.176512	0	0.132746		
1	1	2	23	369		293.15	0	0	0.018739	-0.00374274	-0.00374274	0	0	0	23.3436	-4.21433e-05	-4.21433e-05	0	0	0	0.307305	0.17375	0	0.133555		
1	1	2	24	372		293.15	0	0	0.0186541	-0.00371909	-0.00371909	0	0	0	23.0404	-4.14424e-05	-4.14424e-05	0	0	0	0.305336	0.171007	0	0.13433		
1	1	2	25	375		293.15	0	0	0.0185672	-0.00369588	-0.00369588	0	0	0	22.7372	-4.05126e-05	-4.05126e-05	0	0	0	0.303348	0.168277	0	0.135071		
1	1	2	26	378		293.15	0	0	0.0184781	-0.00367306	-0.00367306	0	0	0	22.4341	-3.9701e-05	-3.9701e-05	0	0	0	0.301337	0.165557	0	0.13578		
1	1	2	27	381		293.15	0	0	0.0183869	-0.00365061	-0.00365061	0	0	0	22.1309	-3.89671e-05	-3.89671e-05	0	0	0	0.299303	0.162844	0	0.136459		
1	1	2	28	384		293.15	0	0	0.0182934	-0.00362846	-0.00362846	0	0	0	21.8278	-3.80285e-05	-3.80285e-05	0	0	0	0.297248	0.16014	0	0.137108		
1	1	2	29	387		293.15	0	0	0.0181976	-0.00360658	-0.00360658	0	0	0	21.5246	-3.72675e-05	-3.72675e-05	0	0	0	0.295173	0.157444	0	0.137729		
1	1	2	30	390		293.15	0	0	0.0180998	-0.0035849	-0.0035849	0	0	0	21.2214	-3.63936e-05	-3.63936e-05	0	0	0	0.293081	0.154759	0	0.138322		
1	1	2	31	393		293.15	0	0	0.0179998	-0.00356342	-0.00356342	0	0	0	20.9183	-3.54019e-05	-3.54019e-05	0	0	0	0.290975	0.152086	0	0.138889		
1	1	2	32	396		293.15	0	0	0.0178979	-0.00354209	-0.00354209	0	0	0	20.6151	-3.46647e-05	-3.46647e-05	0	0	0	0.288858	0.149427	0	0.139431		
1	1	2	33	399		293.15	0	0	0.0177939	-0.00352089	-0.00352089	0	0	0	20.3119	-3.38846e-05	-3.38846e-05	0	0	0	0.286731	0.146782	0	0.139949		
1	1	2	34	402		293.15	0	0	0.0176881	-0.0034998	-0.0034998	0	0	0	20.0088	-3.30663e-05	-3.30663e-05	0	0	0	0.284597	0.144152	0	0.140444		
1	1	2	35	405		293.15	0	0	0.0175803	-0.00347879	-0.00347879	0	0	0	19.7056	-3.22152e-05	-3.22152e-05	0	0	0	0.282457	0.14154	0	0.140918		
1	1	2	36	408		293.15	0	0	0.0174707	-0.00345785	-0.00345785	0	0	0	19.4025	-3.13376e-05	-3.13376e-05	0	0	0	0.280314	0.138945	0	0.14137		
1	1	2	37	411		293.15	0	0	0.0173593	-0.00343695	-0.00343695	0	0	0	19.0993	-3.04397e-05	-3.04397e-05	0	0	0	0.27817	0.136368	0	0.141802		
1	1	2	38	414		293.15	0	0	0.0172462	-0.00341606	-0.00341606	0	0	0	18.7961	-2.95276e-05	-2.95276e-05	0	0	0	0.276026	0.133811	0	0.142215		
1	1	2	39	417		293.15	0	0	0.0171313	-0.00339517	-0.00339517	0	0	0	18.493	-2.86069e-05	-2.86069e-05	0	0	0	0.273884	0.131274	0	0.142611		
1	1	2	40	420		293.15	0	0	0.0170148	-0.00337427	-0.00337427	0	0	0	18.1898	-2.76825e-05	-2.76825e-05	0	0	0	0.271746	0.128757	0	0.142989		
1	1	2	41	423		293.15	0	0	0.0168966	-0.00335332	-0.00335332	0	0	0	17.8866	-2.67587e-05	-2.67587e-05	0	0	0	0.269614	0.126263	0	0.143351		
1	1	2	42	426		293.15	0	0	0.0167767	-0.00333233	-0.00333233	0	0	0	17.5835	-2.58388e-05	-2.58388e-05	0	0	0	0.267489	0.123791	0	0.143699		
1	1	2	43	429		293.15	0	0	0.0166553	-0.00331127	-0.00331127	0	0	0	17.2803	-2.49253e-05	-2.49253e-05	0	0	0	0.265373	0.121341	0	0.144032		
1	1	2	44	432		293.15	0	0	0.0165324	-0.00329014	-0.00329014	0	0	0	16.9771	-2.40203e-05	-2.40203e-05	0	0	0	0.263267	0.118916	0	0.144352		
1	1	2	45	435		293.15	0	0	0.016408	-0.00326892	-0.00326892	0	0	0	16.674	-2.31248e-05	-2.31248e-05	0	0	0	0.261174	0.116515	0	0.144659		
1	1	2	46	438		293.15	0	0	0.0162821	-0.0032476	-0.0032476	0	0	0	16.3708	-2.22394e-05	-2.22394e-05	0	0	0	0.259093	0.114138	0	0.144955		
1	1	2	47	441		293.15	0	0	0.0161547	-0.00322618	-0.00322618	0	0	0	16.0677	-2.13641e-05	-2.13641e-05	0	0	0	0.257028	0.111787	0	0.14524		
1	1	2	48	444		293.15	0	0	0.0160259	-0.00320465	-0.00320465	0	0	0	15.7645	-2.04984e-05	-2.04984e-05	0	0	0	0.254978	0.109462	0	0.145516		
1	1	2	49	447		293.15	0	0	0.0158958	-0.00318301	-0.00318301	0	0	0	15.4613	-1.96417e-05	-1.96417e-05	0	0	0	0.252946	0.107164	0	0.145782		
1	1	2	50	450		293.15	0	0	0.0157643	-0.00316126	-0.00316126	0	0	0	15.1582	-1.87929e-05	-1.87929e-05	0	0	0	0.250933	0.104892	0	0.14604		
1	1	2	51	453		293.15	0	0	0.0156314	-0.00313938	-0.00313938	0	0	0	14.855	-1.79507e-05	-1.79507e-05	0	0	0	0.248939	0.102648	0	0.146291		
1	1	2	52	456		293.15	0	0	0.0154973	-0.00311739	-0.00311739	0	0	0	14.5518	-1.71139e-05	-1.71139e-05	0	0	0	0.246967	0.100432	0	0.146535		
1	1	2	53	459		293.15	0	0	0.0153618	-0.00309529	-0.00309529	0	0	0	14.2487	-1.6281e-05	-1.6281e-05	0	0	0	0.245016	0.0982439	0	0.146772		
1	1	2	54	462		293.15	0	0	0.0152251	-0.00307306	-0.00307306	0	0	0	13.9455	-1.54505e-05	-1.54505e-05	0	0	0	0.243089	0.0960843	0	0.147005		
1	1	2	55	465		293.15	0	0	0.0150872	-0.00305072	-0.00305072	0	0	0	13.6424	-1.4621e-05	-1.4621e-05	0	0	0	0.241187	0.0939537	0	0.147233		
1	1	2	56	468		293.15	0	0	0.0149481	-0.00302827	-0.00302827	0	0	0	13.3392	-1.37911e-05	-1.37911e-05	0	0	0	0.239309	0.0918523	0	0.147457		
1	1	2	57	471		293.15	0	0	0.0148077	-0.0030057	-0.0030057	0	0	0	13.036	-1.29593e-05	-1.29593e-05	0	0	0	0.237458	0.0897805	0	0.147678		
1	1	2	58	474		293.15	0	0	0.0146661	-0.00298303	-0.00298303	0	0	0	12.7329	-1.21242e-05	-1.21242e-05	0	0	0	0.235634	0.0877385	0	0.147896		
1	1	2	59	477		293.15	0	0	0.0145234	-0.00296025	-0.00296025	0	0	0	12.4297	-1.12845e-05	-1.12845e-05	0	0	0	0.233838	0.0857267	0	0.148112		
1	1	2	60	480		293.15	0	0	0.0143795	-0.00293736	-0.00293736	0	0	0	12.1265	-1.04389e-05	-1.04389e-05	0	0	0	0.232071	0.0837452	0	0.148326		
1	1	2	61	483		293.15	0	0	0.0142344	-0.00291437	-0.00291437	0	0	0	11.8234	-9.58604e-06	-9.58604e-06	0	0	0	0.230334	0.0817945	0	0.14854		
1	1	2	62	486		293.15	0	0	0.0140882	-0.00289128	-0.00289128	0	0	0	11.5202	-8.72477e-06	-8.72477e-06	0	0	0	0.228628	0.0798747	0	0.148753		
1	1	2	63	489		293.15	0	0	0.0139409	-0.00286808	-0.00286808	0	0	0	11.2171	-7.85383e-06	-7.85383e-06	0	0	0	0.226953	0.0779861	0	0.148967		
1	1	2	64	492		293.15	0	0	0.0137924	-0.00284479	-0.00284479	0	0	0	10.9139	-6.97199e-06	-6.97199e-06	0	0	0	0.22531	0.0761289	0	0.149181		
1	1	2	65	495		293.15	0	0	0.0136428	-0.0028214	-0.0028214	0	0	0	10.6107	-6.07806e-06	-6.07806e-06	0	0	0	0.2237	0.0743034	0	0.149396		
1	1	2	66	498		293.15	0	0	0.0134921	-0.00279791	-0.00279791	0	0	0	10.3076	-5.17084e-06	-5.17084e-06	0	0	0	0.222124	0.0725099	0	0.149614		
1	1	2	67	501		293.15	0	0	0.0133403	-0.00277432	-0.00277432	0	0	0	10.0044	-4.24913e-06	-4.24913e-06	0	0	0	0.220582	0.0707485	0	0.149833		
1	1	2	68	504		293.15	0	0	0.0131874	-0.00275063	-0.00275063	0	0	0	9.70124	-3.31173e-06	-3.31173e-06	0	0	0	0.219075	0.0690196	0	0.150056		
1	1	2	69	507		293.15	0	0	0.0130334	-0.00272685	-0.00272685	0	0	0	9.39807	-2.35744e-06	-2.35744e-06	0	0	0	0.217605	0.0673233	0	0.150282		
1	1	2	70	510		293.15	0	0	0.0128783	-0.00270296	-0.00270296	0	0	0	9.09491	-1.38506e-06	-1.38506e-06	0	0	0	0.216171	0.0656599	0	0.150511		
1	1	2	71	513		293.15	0	0	0.0127222	-0.00267898	-0.00267898	0	0	0	8.79175	-3.93377e-07	-3.93377e-07	0	0	0	0.214775	0.0640297	0	0.150745		
1	1	2	72	516		293.15	0	0	0.012565	-0.00265489	-0.00265489	0	0	0	8.48859	6.18827e-07	6.18827e-07	0	0	0	0.213416	0.0624329	0	0.150983		
1	1	2	73	519		293.15	0	0	0.0124067	-0.0026307	-0.0026307	0	0	0	8.18542	1.65277e-06	1.65277e-06	0	0	0	0.212096	0.0608697	0	0.151227		
1	1	2	74	522		293.15	0	0	0.0122473	-0.0026064	-0.0026064	0	0	0	7.88226	2.70969e-06	2.70969e-06	0	0	0	0.210816	0.0593405	0	0.151476		
1	1	2	75	525		293.15	0	0	0.0120869	-0.00258199	-0.00258199	0	0	0	7.5791	3.79081e-06	3.79081e-06	0	0	0	0.209576	0.0578454	0	0.151731		
1	1	2	76	528		293.15	0	0	0.0119254	-0.00255747	-0.00255747	0	0	0	7.27594	4.89736e-06	4.89736e-06	0	0	0	0.208377	0.0563848	0	0.151992		
1	1	2	77	531		293.15	0	0	0.0117629	-0.00253283	-0.00253283	0	0	0	6.97277	5.64061e-06	5.64061e-06	0	0	0	0.207219	0.0549588	0	0.15226		
1	1	2	78	534		293.15	0	0	0.0115994	-0.00250808	-0.00250808	0	0	0	6.66961	6.39506e-06	6.39506e-06	0	0	0	0.206103	0.0535678	0	0.152536		
1	1	2	79	537		293.15	0	0	0.0114348	-0.00248321	-0.00248321	0	0	0	6.36645	7.16127e-06	7.16127e-06	0	0	0	0.205031	0.052212	0	0.152819		
1	1	2	80	540		293.15	0	0	0.0112692	-0.00245822	-0.00245822	0	0	0	6.06328	7.93978e-06	7.93978e-06	0	0	0	0.204001	0.0508916	0	0.15311		
1	1	2	81	543		293.15	0	0	0.0111025	-0.0024331	-0.0024331	0	0	0	5.76012	8.73115e-06	8.73115e-06	0	0	0	0.203016	0.0496069	0	0.153409		
1	1	2	82	546		293.15	0	0	0.0109348	-0.00240786	-0.00240786	0	0	0	5.45696	9.53593e-06	9.53593e-06	0	0	0	0.202076	0.0483583	0	0.153717		
1	1	2	83	549		293.15	0	0	0.0107661	-0.00238247	-0.00238247	0	0	0	5.15379	1.03547e-05	1.03547e-05	0	0	0	0.201181	0.0471459	0	0.154035		
1	1	2	84	552		293.15	0	0	0.0105964	-0.00235696	-0.00235696	0	0	0	4.85063	1.1188e-05	1.1188e-05	0	0	0	0.200332	0.04597	0	0.154362		
1	1	2	85	555		293.15	0	0	0.0104257	-0.0023313	-0.0023313	0	0	0	4.54747	1.20364e-05	1.20364e-05	0	0	0	0.19953	0.0448309	0	0.154699		
1	1	2	86	558		293.15	0	0	0.010254	-0.0023055	-0.0023055	0	0	0	4.2443	1.29005e-05	1.29005e-05	0	0	0	0.198775	0.0437288	0	0.155046		
1	1	2	87	561		293.15	0	0	0.0100813	-0.00227955	-0.00227955	0	0	0	3.94114	1.37808e-05	1.37808e-05	0	0	0	0.198068	0.042664	0	0.155404		
1	1	2	88	564		293.15	0	0	0.00990757	-0.00225345	-0.00225345	0	0	0	3.63798	1.4678e-05	1.4678e-05	0	0	0	0.19741	0.0416368	0	0.155773		
1	1	2	89	567		293.15	0	0	0.00973287	-0.0022272	-0.0022272	0	0	0	3.33482	1.55925e-05	1.55925e-05	0	0	0	0.196801	0.0406474	0	0.156153		
1	1	2	90	570		293.15	0	0	0.00955718	-0.00220078	-0.00220078	0	0	0	3.03165	1.6525e-05	1.6525e-05	0	0	0	0.196241	0.0396962	0	0.156545		
1	1	2	91	573		293.15	0	0	0.00938051	-0.00217421	-0.00217421	0	0	0	2.72849	1.7476e-05	1.7476e-05	0	0	0	0.195732	0.0387833	0	0.156949		
1	1	2	92	576		293.15	0	0	0.00920286	-0.00214746	-0.00214746	0	0	0	2.42533	1.84461e-05	1.84461e-05	0	0	0	0.195275	0.037909	0	0.157366		
1	1	2	93	579		293.15	0	0	0.00902425	-0.00212055	-0.00212055	0	0	0	2.12216	1.94359e-05	1.94359e-05	0	0	0	0.194869	0.0370736	0	0.157795		
1	1	2	94	582		293.15	0	0	0.00884466	-0.00209347	-0.00209347	0	0	0	1.819	2.04459e-05	2.04459e-05	0	0	0	0.194515	0.0362773	0	0.158237		
1	1	2	95	585		293.15	0	0	0.00866412	-0.0020662	-0.0020662	0	0	0	1.51584	2.14767e-05	2.14767e-05	0	0	0	0.194214	0.0355205	0	0.158693		
1	1	2	96	588		293.15	0	0	0.00848261	-0.00203876	-0.00203876	0	0	0	1.21268	2.25288e-05	2.25288e-05	0	0	0	0.193966	0.0348033	0	0.159163		
1	1	2	97	591		293.15	0	0	0.00830016	-0.00201113	-0.00201113	0	0	0	0.909512	2.36028e-05	2.36028e-05	0	0	0	0.193772	0.0341261	0	0.159646		
1	1	2	98	594		293.15	0	0	0.00811676	-0.00198331	-0.00198331	0	0	0	0.60635	2.46992e-05	2.46992e-05	0	0	0	0.193633	0.033489	0	0.160144		
1	1	2	99	597		293.15	0	0	0.00793241	-0.0019553	-0.0019553	0	0	0	0.303187	2.58186e-05	2.58186e-05	0	0	0	0.19355	0.0328924	0	0.160657		
1	1	2	100	600		293.15	0	0	0.00774712	-0.00192709	-0.00192709	0	0	0	2.36707e-05	2.65831e-05	2.65831e-05	0	0	0	0.193521	0.0323364	0	0.161185		
1	1	3	1	603		293.15	0	0	0.00796965	-0.00204242	-0.00204242	0	0	0	0.772558	2.69278e-05	2.69278e-05	0	0	0	0.193607	0.0319802	0	0.161627		
1	1	3	2	606		293.15	0	0	0.00819218	-0.0021606	-0.0021606	0	0	0	1.48898	2.59774e-05	2.59774e-05	0	0	0	0.193859	0.0318642	0	0.161995		
1	1	3	3	609		293.15	0	0	0.00841471	-0.00227899	-0.00227899	0	0	0	2.13468	2.62647e-05	2.62647e-05	0	0	0	0.194262	0.0319483	0	0.162314		
1	1	3	4	612		293.15	0	0	0.00863724	-0.00237711	-0.00237711	0	0	0	2.75192	2.63646e-05	2.63646e-05	0	0	0	0.194806	0.0322211	0	0.162585		
1	1	3	5	615		293.15	0	0	0.00885977	-0.00249518	-0.00249518	0	0	0	3.36034	2.65298e-05	2.65298e-05	0	0	0	0.195486	0.032671	0	0.162815		
1	1	3	6	618		293.15	0	0	0.0090823	-0.00258759	-0.00258759	0	0	0	3.9364	2.56997e-05	2.56997e-05	0	0	0	0.196298	0.0332917	0	0.163006		
1	1	3	7	621		293.15	0	0	0.00930483	-0.00270173	-0.00270173	0	0	0	4.51639	2.6036e-05	2.6036e-05	0	0	0	0.197238	0.034071	0	0.163167		
1	1	3	8	624		293.15	0	0	0.00952735	-0.00278948	-0.00278948	0	0	0	5.06968	2.55147e-05	2.55147e-05	0	0	0	0.198305	0.0350088	0	0.163296		
1	1	3	9	627		293.15	0	0	0.00974988	-0.00289473	-0.00289473	0	0	0	5.62658	2.58436e-05	2.58436e-05	0	0	0	0.199495	0.0360901	0	0.163405		
1	1	3	10	630		293.15	0	0	0.00997241	-0.0029812	-0.0029812	0	0	0	6.16247	2.51154e-05	2.51154e-05	0	0	0	0.200807	0.037317	0	0.16349		
1	1	3	11	633		293.15	0	0	0.0101949	-0.00307333	-0.00307333	0	0	0	6.69228	2.53374e-05	2.53374e-05	0	0	0	0.202237	0.038676	0	0.163561		
1	1	3	12	636		293.15	0	0	0.0104175	-0.00316336	-0.00316336	0	0	0	7.21549	2.55646e-05	2.55646e-05	0	0	0	0.203784	0.0401649	0	0.163619		
1	1	3	13	639		293.15	0	0	0.01064	-0.00325135	-0.00325135	0	0	0	7.73169	2.55877e-05	2.55877e-05	0	0	0	0.205448	0.0417783	0	0.163669		
1	1	3	14	642		293.15	0	0	0.0108625	-0.00333689	-0.00333689	0	0	0	8.24048	2.50242e-05	2.50242e-05	0	0	0	0.207225	0.0435108	0	0.163714		
1	1	3	15	645		293.15	0	0	0.0110851	-0.00342039	-0.00342039	0	0	0	8.74518	2.45213e-05	2.45213e-05	0	0	0	0.209115	0.0453578	0	0.163757		
1	1	3	16	648		293.15	0	0	0.0113076	-0.00350233	-0.00350233	0	0	0	9.24527	2.38179e-05	2.38179e-05	0	0	0	0.211116	0.0473147	0	0.163802		
1	1	3	17	651		293.15	0	0	0.0115301	-0.00358272	-0.00358272	0	0	0	9.74028	2.32671e-05	2.32671e-05	0	0	0	0.213229	0.0493774	0	0.163851		
1	1	3	18	654		293.15	0	0	0.0117526	-0.00366152	-0.00366152	0	0	0	10.23	2.26522e-05	2.26522e-05	0	0	0	0.215451	0.0515421	0	0.163908		
1	1	3	19	657		293.15	0	0	0.0119752	-0.00373872	-0.00373872	0	0	0	10.7143	2.21718e-05	2.21718e-05	0	0	0	0.217781	0.0538051	0	0.163976		
1	1	3	20	660		293.15	0	0	0.0121977	-0.00381433	-0.00381433	0	0	0	11.1928	2.17096e-05	2.17096e-05	0	0	0	0.220218	0.0561629	0	0.164056		
1	1	3	21	663		293.15	0	0	0.0124202	-0.00388835	-0.00388835	0	0	0	11.6654	2.12078e-05	2.12078e-05	0	0	0	0.222762	0.058612	0	0.16415		
1	1	3	22	666		293.15	0	0	0.0126428	-0.00396082	-0.00396082	0	0	0	12.132	2.06094e-05	2.06094e-05	0	0	0	0.22541	0.0611495	0	0.16426		
1	1	3	23	669		293.15	0	0	0.0128653	-0.00403178	-0.00403178	0	0	0	12.5928	1.98452e-05	1.98452e-05	0	0	0	0.228161	0.0637724	0	0.164388		
1	1	3	24	672		293.15	0	0	0.0130878	-0.0041013	-0.0041013	0	0	0	13.0477	1.93813e-05	1.93813e-05	0	0	0	0.231013	0.066478	0	0.164535		
1	1	3	25	675		293.15	0	0	0.0133103	-0.00416942	-0.00416942	0	0	0	13.4969	1.88144e-05	1.88144e-05	0	0	0	0.233967	0.0692637	0	0.164703		
1	1	3	26	678		293.15	0	0	0.0135329	-0.0042362	-0.0042362	0	0	0	13.9407	1.81092e-05	1.81092e-05	0	0	0	0.23702	0.0721273	0	0.164892		
1	1	3	27	681		293.15	0	0	0.0137554	-0.00430171	-0.00430171	0	0	0	14.3791	1.72272e-05	1.72272e-05	0	0	0	0.240171	0.0750664	0	0.165104		
1	1	3	28	684		293.15	0	0	0.0139779	-0.00436599	-0.00436599	0	0	0	14.8125	1.67092e-05	1.67092e-05	0	0	0	0.243419	0.078079	0	0.16534		
1	1	3	29	687		293.15	0	0	0.0142005	-0.00442911	-0.00442911	0	0	0	15.2409	1.61051e-05	1.61051e-05	0	0	0	0.246763	0.0811631	0	0.165599		
1	1	3	30	690		293.15	0	0	0.014423	-0.00449111	-0.00449111	0	0	0	15.6646	1.53992e-05	1.53992e-05	0	0	0	0.250201	0.0843168	0	0.165884		
1	1	3	31	693		293.15	0	0	0.0146455	-0.00455203	-0.00455203	0	0	0	16.0836	1.45757e-05	1.45757e-05	0	0	0	0.253734	0.0875384	0	0.166195		
1	1	3	32	696		293.15	0	0	0.014868	-0.00461193	-0.00461193	0	0	0	16.4982	1.36185e-05	1.36185e-05	0	0	0	0.257359	0.0908262	0	0.166533		
1	1	3	33	699		293.15	0	0	0.0150906	-0.00467085	-0.00467085	0	0	0	16.9084	1.30715e-05	1.30715e-05	0	0	0	0.261076	0.0941787	0	0.166897		
1	1	3	34	702		293.15	0	0	0.0153131	-0.00472884	-0.00472884	0	0	0	17.3143	1.24643e-05	1.24643e-05	0	0	0	0.264884	0.0975944	0	0.167289		
1	1	3	35	705		293.15	0	0	0.0155356	-0.00478592	-0.00478592	0	0	0	17.7161	1.17904e-05	1.17904e-05	0	0	0	0.268781	0.101072	0	0.167709		
1	1	3	36	708		293.15	0	0	0.0157582	-0.00484216	-0.00484216	0	0	0	18.1139	1.1043e-05	1.1043e-05	0	0	0	0.272768	0.10461	0	0.168158		
1	1	3	37	711		293.15	0	0	0.0159807	-0.00489757	-0.00489757	0	0	0	18.5078	1.02156e-05	1.02156e-05	0	0	0	0.276843	0.108207	0	0.168636		
1	1	3	38	714		293.15	0	0	0.0162032	-0.00495221	-0.00495221	0	0	0	18.8979	9.30145e-06	9.30145e-06	0	0	0	0.281004	0.111862	0	0.169142		
1	1	3	39	717		293.15	0	0	0.0164257	-0.0050061	-0.0050061	0	0	0	19.2843	8.76915e-06	8.76915e-06	0	0	0	0.285253	0.115574	0	0.169679		
1	1	3	40	720		293.15	0	0	0.0166483	-0.00505929	-0.00505929	0	0	0	19.6671	8.19815e-06	8.19815e-06	0	0	0	0.289587	0.119342	0	0.170245		
1	1	3	41	723		293.15	0	0	0.0168708	-0.00511179	-0.00511179	0	0	0	20.0464	7.58558e-06	7.58558e-06	0	0	0	0.294005	0.123165	0	0.17084		
1	1	3	42	726		293.15	0	0	0.0170933	-0.00516366	-0.00516366	0	0	0	20.4222	6.9286e-06	6.9286e-06	0	0	0	0.298508	0.127042	0	0.171466		
1	1	3	43	729		293.15	0	0	0.0173159	-0.00521491	-0.00521491	0	0	0	20.7946	6.2244e-06	6.2244e-06	0	0	0	0.303094	0.130972	0	0.172123		
1	1	3	44	732		293.15	0	0	0.0175384	-0.00526558	-0.00526558	0	0	0	21.1638	5.47025e-06	5.47025e-06	0	0	0	0.307762	0.134953	0	0.172809		
1	1	3	45	735		293.15	0	0	0.0177609	-0.0053157	-0.0053157	0	0	0	21.5297	4.66346e-06	4.66346e-06	0	0	0	0.312513	0.138987	0	0.173526		
1	1	3	46	738		293.15	0	0	0.0179834	-0.0053653	-0.0053653	0	0	0	21.8926	3.80146e-06	3.80146e-06	0	0	0	0.317344	0.143071	0	0.174274		
1	1	3	47	741		293.15	0	0	0.018206	-0.00541439	-0.00541439	0	0	0	22.2524	2.88176e-06	2.88176e-06	0	0	0	0.322256	0.147204	0	0.175052		
1	1	3	48	744		293.15	0	0	0.0184285	-0.00546302	-0.00546302	0	0	0	22.6092	2.34133e-06	2.34133e-06	0	0	0	0.327247	0.151387	0	0.17586		
1	1	3	49	747		293.15	0	0	0.018651	-0.00551119	-0.00551119	0	0	0	22.9631	1.77518e-06	1.77518e-06	0	0	0	0.332318	0.155618	0	0.1767		
1	1	3	50	750		293.15	0	0	0.0188736	-0.00555895	-0.00555895	0	0	0	23.3141	1.18229e-06	1.18229e-06	0	0	0	0.337467	0.159897	0	0.17757		
1	1	3	51	753		293.15	0	0	0.0190961	-0.00560631	-0.00560631	0	0	0	23.6623	5.61696e-07	5.61696e-07	0	0	0	0.342694	0.164224	0	0.17847		
1	1	3	52	756		293.15	0	0	0.0193186	-0.00565329	-0.00565329	0	0	0	24.0079	-8.75252e-08	-8.75253e-08	0	0	0	0.347998	0.168597	0	0.179401		
1	1	3	53	759		293.15	0	0	0.0195411	-0.00569992	-0.00569992	0	0	0	24.3507	-7.66217e-07	-7.66217e-07	0	0	0	0.353378	0.173016	0	0.180363		
1	1	3	54	762		293.15	0	0	0.0197637	-0.00574622	-0.00574622	0	0	0	24.691	-1.47516e-06	-1.47516e-06	0	0	0	0.358835	0.17748	0	0.181355		
1	1	3	55	765		293.15	0	0	0.0199862	-0.0057922	-0.0057922	0	0	0	25.0286	-2.21507e-06	-2.21507e-06	0	0	0	0.364367	0.18199	0	0.182377		
1	1	3	56	768		293.15	0	0	0.0202087	-0.0058379	-0.0058379	0	0	0	25.3638	-2.98659e-06	-2.98659e-06	0	0	0	0.369974	0.186544	0	0.18343		
1	1	3	57	771		293.15	0	0	0.0204313	-0.00588332	-0.00588332	0	0	0	25.6966	-3.79029e-06	-3.79029e-06	0	0	0	0.375655	0.191142	0	0.184513		
1	1	3	58	774		293.15	0	0	0.0206538	-0.00592848	-0.00592848	0	0	0	26.027	-4.62667e-06	-4.62667e-06	0	0	0	0.38141	0.195784	0	0.185626		
1	1	3	59	777		293.15	0	0	0.0208763	-0.00597341	-0.00597341	0	0	0	26.355	-5.49617e-06	-5.49617e-06	0	0	0	0.387238	0.200469	0	0.186769		
1	1	3	60	780		293.15	0	0	0.0210988	-0.00601812	-0.00601812	0	0	0	26.6807	-6.39912e-06	-6.39912e-06	0	0	0	0.393139	0.205197	0	0.187942		
1	1	3	61	783		293.15	0	0	0.0213214	-0.00606262	-0.00606262	0	0	0	27.0042	-7.33583e-06	-7.33583e-06	0	0	0	0.399112	0.209968	0	0.189145		
1	1	3	62	786		293.15	0	0	0.0215439	-0.00610694	-0.00610694	0	0	0	27.3255	-8.3065e-06	-8.3065e-06	0	0	0	0.405157	0.21478	0	0.190377		
1	1	3	63	789		293.15	0	0	0.0217664	-0.00615108	-0.00615108	0	0	0	27.6446	-8.87571e-06	-8.87571e-06	0	0	0	0.411274	0.219634	0	0.19164		
1	1	3	64	792		293.15	0	0	0.021989	-0.00619507	-0.00619507	0	0	0	27.9617	-9.45993e-06	-9.45993e-06	0	0	0	0.417461	0.224529	0	0.192931		
1	1	3	65	795		293.15	0	0	0.0222115	-0.00623891	-0.00623891	0	0	0	28.2766	-1.00592e-05	-1.00592e-05	0	0	0	0.423718	0.229466	0	0.194252		
1	1	3	66	798		293.15	0	0	0.022434	-0.00628263	-0.00628263	0	0	0	28.5896	-1.06735e-05	-1.06735e-05	0	0	0	0.430045	0.234442	0	0.195603		
1	1	3	67	801		293.15	0	0	0.0226566	-0.00632622	-0.00632622	0	0	0	28.9005	-1.1303e-05	-1.1303e-05	0	0	0	0.436442	0.23946	0	0.196982		
1	1	3	68	804		293.15	0	0	0.0228791	-0.00636972	-0.00636972	0	0	0	29.2095	-1.19474e-05	-1.19474e-05	0	0	0	0.442907	0.244517	0	0.198391		
1	1	3	69	807		293.15	0	0	0.0231016	-0.00641312	-0.00641312	0	0	0	29.5166	-1.26068e-05	-1.26068e-05	0	0	0	0.449441	0.249614	0	0.199828		
1	1	3	70	810		293.15	0	0	0.0233241	-0.00645645	-0.00645645	0	0	0	29.8218	-1.32811e-05	-1.32811e-05	0	0	0	0.456044	0.25475	0	0.201294		
1	1	3	71	813		293.15	0	0	0.0235467	-0.0064997	-0.0064997	0	0	0	30.1252	-1.39702e-05	-1.39702e-05	0	0	0	0.462714	0.259926	0	0.202788		
1	1	3	72	816		293.15	0	0	0.0237692	-0.0065429	-0.0065429	0	0	0	30.4268	-1.46739e-05	-1.46739e-05	0	0	0	0.469451	0.26514	0	0.204311		
1	1	3	73	819		293.15	0	0	0.0239917	-0.00658605	-0.00658605	0	0	0	30.7266	-1.53921e-05	-1.53921e-05	0	0	0	0.476255	0.270393	0	0.205862		
1	1	3	74	822		293.15	0	0	0.0242143	-0.00662917	-0.00662917	0	0	0	31.0247	-1.61246e-05	-1.61246e-05	0	0	0	0.483126	0.275684	0	0.207442		
1	1	3	75	825		293.15	0	0	0.0244368	-0.00667226	-0.00667226	0	0	0	31.3211	-1.68712e-05	-1.68712e-05	0	0	0	0.490063	0.281014	0	0.209049		
1	1	3	76	828		293.15	0	0	0.0246593	-0.00671533	-0.00671533	0	0	0	31.6159	-1.76317e-05	-1.76317e-05	0	0	0	0.497065	0.286381	0	0.210684		
1	1	3	77	831		293.15	0	0	0.0248818	-0.0067584	-0.0067584	0	0	0	31.909	-1.84058e-05	-1.84058e-05	0	0	0	0.504133	0.291786	0	0.212348		
1	1	3	78	834		293.15	0	0	0.0251044	-0.00680147	-0.00680147	0	0	0	32.2004	-1.91933e-05	-1.91933e-05	0	0	0	0.511267	0.297228	0	0.214038		
1	1	3	79	837		293.15	0	0	0.0253269	-0.00684454	-0.00684454	0	0	0	32.4904	-1.99939e-05	-1.99939e-05	0	0	0	0.518464	0.302708	0	0.215756		
1	1	3	80	840		293.15	0	0	0.0255494	-0.00688763	-0.00688763	0	0	0	32.7787	-2.08073e-05	-2.08073e-05	0	0	0	0.525726	0.308225	0	0.217502		
1	1	3	81	843		293.15	0	0	0.025772	-0.00693075	-0.00693075	0	0	0	33.0656	-2.16333e-05	-2.16333e-05	0	0	0	0.533053	0.313778	0	0.219275		
1	1	3	82	846		293.15	0	0	0.0259945	-0.0069739	-0.0069739	0	0	0	33.3509	-2.24715e-05	-2.24715e-05	0	0	0	0.540442	0.319368	0	0.221074		
1	1	3	83	849		293.15	0	0	0.026217	-0.00701709	-0.00701709	0	0	0	33.6348	-2.33216e-05	-2.33216e-05	0	0	0	0.547896	0.324995	0	0.222901		
1	1	3	84	852		293.15	0	0	0.0264395	-0.00706033	-0.00706033	0	0	0	33.9172	-2.41834e-05	-2.41834e-05	0	0	0	0.555412	0.330657	0	0.224754		
1	1	3	85	855		293.15	0	0	0.0266621	-0.00710362	-0.00710362	0	0	0	34.1983	-2.50563e-05	-2.50563e-05	0	0	0	0.56299	0.336356	0	0.226634		
1	1	3	86	858		293.15	0	0	0.0268846	-0.00714696	-0.00714696	0	0	0	34.4779	-2.59402e-05	-2.59402e-05	0	0	0	0.570632	0.342091	0	0.228541		
1	1	3	87	861		293.15	0	0	0.0271071	-0.00719038	-0.00719038	0	0	0	34.7562	-2.68346e-05	-2.68346e-05	0	0	0	0.578335	0.347861	0	0.230474		
1	1	3	88	864		293.15	0	0	0.0273297	-0.00723386	-0.00723386	0	0	0	35.0331	-2.77392e-05	-2.77392e-05	0	0	0	0.5861	0.353667	0	0.232433		
1	1	3	89	867		293.15	0	0	0.0275522	-0.00727742	-0.00727742	0	0	0	35.3087	-2.86537e-05	-2.86537e-05	0	0	0	0.593927	0.359508	0	0.234419		
1	1	3	90	870		293.15	0	0	0.0277747	-0.00732106	-0.00732106	0	0	0	35.583	-2.95777e-05	-2.95777e-05	0	0	0	0.601814	0.365384	0	0.23643		
1	1	3	91	873		293.15	0	0	0.0279972	-0.00736479	-0.00736479	0	0	0	35.8561	-3.05107e-05	-3.05107e-05	0	0	0	0.609763	0.371296	0	0.238467		
1	1	3	92	876		293.15	0	0	0.0282198	-0.00740861	-0.00740861	0	0	0	36.1278	-3.14525e-05	-3.14525e-05	0	0	0	0.617772	0.377242	0	0.24053		
1	1	3	93	879		293.15	0	0	0.0284423	-0.00745253	-0.00745253	0	0	0	36.3984	-3.24027e-05	-3.24027e-05	0	0	0	0.625842	0.383223	0	0.242619		
1	1	3	94	882		293.15	0	0	0.0286648	-0.00749654	-0.00749654	0	0	0	36.6677	-3.33609e-05	-3.33609e-05	0	0	0	0.633971	0.389239	0	0.244733		
1	1	3	95	885		293.15	0	0	0.0288874	-0.00754066	-0.00754066	0	0	0	36.9359	-3.43268e-05	-3.43268e-05	0	0	0	0.642161	0.395289	0	0.246872		
1	1	3	96	888		293.15	0	0	0.0291099	-0.00758489	-0.00758489	0	0	0	37.2028	-3.48999e-05	-3.48999e-05	0	0	0	0.65041	0.401373	0	0.249037		
1	1	3	97	891		293.15	0	0	0.0293324	-0.00762924	-0.00762924	0	0	0	37.4686	-3.54762e-05	-3.54762e-05	0	0	0	0.658718	0.407492	0	0.251226		
1	1	3	98	894		293.15	0	0	0.0295549	-0.00767369	-0.00767369	0	0	0	37.7333	-3.60556e-05	-3.60556e-05	0	0	0	0.667085	0.413645	0	0.253441		
1	1	3	99	897		293.15	0	0	0.0297775	-0.00771827	-0.00771827	0	0	0	37.9969	-3.66379e-05	-3.66379e-05	0	0	0	0.675512	0.419831	0	0.25568		
1	1	3	100	900		293.15	0	0	0.03	-0.00776297	-0.00776297	0	0	0	38.2593	-3.7223e-05	-3.7223e-05	0	0	0	0.683996	0.426052	0	0.257944		
1	1	4	1	903		293.15	0	0	0.02998	-0.00772296	-0.00772296	0	0	0	37.8767	-3.72648e-05	-3.72648e-05	0	0	0	0.683236	0.423103	0	0.260133		
1	1	4	2	906		293.15	0	0	0.0299384	-0.00767792	-0.00767792	0	0	0	37.4941	-3.72495e-05	-3.72495e-05	0	0	0	0.681669	0.419452	0	0.262217		
1	1	4	3	909		293.15	0	0	0.0298889	-0.00763133	-0.00763133	0	0	0	37.1116	-3.72758e-05	-3.72758e-05	0	0	0	0.67982	0.415614	0	0.264205		
1	1	4	4	912		293.15	0	0	0.0298322	-0.00758357	-0.00758357	0	0	0	36.729	-3.72898e-05	-3.72898e-05	0	0	0	0.677729	0.411626	0	0.266103		
1	1	4	5	915		293.15	0	0	0.029769	-0.00753512	-0.00753512	0	0	0	36.3464	-3.7198e-05	-3.7198e-05	0	0	0	0.675419	0.407505	0	0.267915		
1	1	4	6	918		293.15	0	0	0.0297002	-0.00748528	-0.00748528	0	0	0	35.9638	-3.66699e-05	-3.66699e-05	0	0	0	0.672932	0.403288	0	0.269643		
1	1	4	7	921		293.15	0	0	0.0296256	-0.00743357	-0.00743357	0	0	0	35.5812	-3.62938e-05	-3.62938e-05	0	0	0	0.670263	0.39897	0	0.271292		
1	1	4	8	924		293.15	0	0	0.029543	-0.00737948	-0.00737948	0	0	0	35.1986	-3.6013e-05	-3.6013e-05	0	0	0	0.667337	0.394471	0	0.272866		
1	1	4	9	927		293.15	0	0	0.0294539	-0.00734084	-0.00734084	0	0	0	34.816	-3.61921e-05	-3.61921e-05	0	0	0	0.66422	0.389851	0	0.274369		
1	1	4	10	930		293.15	0	0	0.0293706	-0.0072893	-0.0072893	0	0	0	34.4334	-3.59772e-05	-3.59772e-05	0	0	0	0.661337	0.385545	0	0.275791		
1	1	4	11	933		293.15	0	0	0.0292753	-0.00724924	-0.00724924	0	0	0	34.0508	-3.60179e-05	-3.60179e-05	0	0	0	0.658074	0.380922	0	0.277152		
1	1	4	12	936		293.15	0	0	0.0291857	-0.00719762	-0.00719762	0	0	0	33.6682	-3.57151e-05	-3.57151e-05	0	0	0	0.655038	0.376598	0	0.27844		
1	1	4	13	939		293.15	0	0	0.0290855	-0.00716105	-0.00716105	0	0	0	33.2856	-3.59012e-05	-3.59012e-05	0	0	0	0.651684	0.372014	0	0.27967		
1	1	4	14	942		293.15	0	0	0.0289886	-0.0071097	-0.0071097	0	0	0	32.903	-3.57889e-05	-3.57889e-05	0	0	0	0.648477	0.367642	0	0.280835		
1	1	4	15	945		293.15	0	0	0.0288841	-0.00707565	-0.00707565	0	0	0	32.5204	-3.58739e-05	-3.58739e-05	0	0	0	0.645057	0.363112	0	0.281945		
1	1	4	16	948		293.15	0	0	0.0287759	-0.00703609	-0.00703609	0	0	0	32.1378	-3.51745e-05	-3.51745e-05	0	0	0	0.641561	0.358562	0	0.282999		
1	1	4	17	951		293.15	0	0	0.0286669	-0.00699477	-0.00699477	0	0	0	31.7552	-3.42701e-05	-3.42701e-05	0	0	0	0.638077	0.354077	0	0.284		
1	1	4	18	954		293.15	0	0	0.028555	-0.00695574	-0.00695574	0	0	0	31.3727	-3.35042e-05	-3.35042e-05	0	0	0	0.634548	0.349599	0	0.284949		
1	1	4	19	957		293.15	0	0	0.0284411	-0.00691696	-0.00691696	0	0	0	30.9901	-3.28913e-05	-3.28913e-05	0	0	0	0.630995	0.345146	0	0.285848		
1	1	4	20	960		293.15	0	0	0.0283251	-0.00687885	-0.00687885	0	0	0	30.6075	-3.21385e-05	-3.21385e-05	0	0	0	0.627424	0.340722	0	0.286702		
1	1	4	21	963		293.15	0	0	0.0282072	-0.00684143	-0.00684143	0	0	0	30.2249	-3.13479e-05	-3.13479e-05	0	0	0	0.623836	0.336325	0	0.28751		
1	1	4	22	966		293.15	0	0	0.0280871	-0.00680464	-0.00680464	0	0	0	29.8423	-3.06512e-05	-3.06512e-05	0	0	0	0.620229	0.331952	0	0.288277		
1	1	4	23	969		293.15	0	0	0.0279647	-0.00676844	-0.00676844	0	0	0	29.4597	-2.975e-05	-2.975e-05	0	0	0	0.616599	0.327594	0	0.289004		
1	1	4	24	972		293.15	0	0	0.0278397	-0.00673275	-0.00673275	0	0	0	29.0771	-2.90571e-05	-2.90571e-05	0	0	0	0.612941	0.323247	0	0.289693		
1	1	4	25	975		293.15	0	0	0.027712	-0.00669754	-0.00669754	0	0	0	28.6945	-2.84654e-05	-2.84654e-05	0	0	0	0.609252	0.318906	0	0.290347		
1	1	4	26	978		293.15	0	0	0.0275815	-0.00666274	-0.00666274	0	0	0	28.3119	-2.7668e-05	-2.7668e-05	0	0	0	0.605534	0.314568	0	0.290966		
1	1	4	27	981		293.15	0	0	0.0274483	-0.00662827	-0.00662827	0	0	0	27.9293	-2.70535e-05	-2.70535e-05	0	0	0	0.601788	0.310236	0	0.291553		
1	1	4	28	984		293.15	0	0	0.0273125	-0.00659409	-0.00659409	0	0	0	27.5467	-2.63302e-05	-2.63302e-05	0	0	0	0.598019	0.305911	0	0.292109		
1	1	4	29	987		293.15	0	0	0.027174	-0.00656013	-0.00656013	0	0	0	27.1641	-2.55015e-05	-2.55015e-05	0	0	0	0.594231	0.301595	0	0.292636		
1	1	4	30	990		293.15	0	0	0.027033	-0.00652636	-0.00652636	0	0	0	26.7815	-2.45799e-05	-2.45799e-05	0	0	0	0.590428	0.297293	0	0.293135		
1	1	4	31	993		293.15	0	0	0.0268895	-0.00649273	-0.00649273	0	0	0	26.3989	-2.39783e-05	-2.39783e-05	0	0	0	0.586614	0.293005	0	0.293609		
1	1	4	32	996		293.15	0	0	0.0267437	-0.00645922	-0.00645922	0	0	0	26.0163	-2.33565e-05	-2.33565e-05	0	0	0	0.582792	0.288733	0	0.294059		
1	1	4	33	999		293.15	0	0	0.0265956	-0.0064258	-0.0064258	0	0	0	25.6338	-2.27225e-05	-2.27225e-05	0	0	0	0.578967	0.284481	0	0.294486		
1	1	4	34	1002		293.15	0	0	0.0264452	-0.00639243	-0.00639243	0	0	0	25.2512	-2.20834e-05	-2.20834e-05	0	0	0	0.575141	0.28025	0	0.294892		
1	1	4	35	1005		293.15	0	0	0.0262927	-0.0063591	-0.0063591	0	0	0	24.8686	-2.14449e-05	-2.14449e-05	0	0	0	0.571319	0.276041	0	0.295278		
1	1	4	36	1008		293.15	0	0	0.0261381	-0.00632577	-0.00632577	0	0	0	24.486	-2.08112e-05	-2.08112e-05	0	0	0	0.567503	0.271856	0	0.295647		
1	1	4	37	1011		293.15	0	0	0.0259814	-0.00629244	-0.00629244	0	0	0	24.1034	-2.01853e-05	-2.01853e-05	0	0	0	0.563696	0.267697	0	0.295999		
1	1	4	38	1014		293.15	0	0	0.0258227	-0.00625909	-0.00625909	0	0	0	23.7208	-1.95687e-05	-1.95687e-05	0	0	0	0.559901	0.263565	0	0.296336		
1	1	4	39	1017		293.15	0	0	0.025662	-0.0062257	-0.0062257	0	0	0	23.3382	-1.89617e-05	-1.89617e-05	0	0	0	0.556122	0.259462	0	0.296659		
1	1	4	40	1020		293.15	0	0	0.0254995	-0.00619227	-0.00619227	0	0	0	22.9556	-1.83641e-05	-1.83641e-05	0	0	0	0.55236	0.255389	0	0.296971		
1	1	4	41	1023		293.15	0	0	0.0253352	-0.00615879	-0.00615879	0	0	0	22.573	-1.77749e-05	-1.77749e-05	0	0	0	0.548618	0.251347	0	0.297271		
1	1	4	42	1026		293.15	0	0	0.025169	-0.00612526	-0.00612526	0	0	0	22.1904	-1.71928e-05	-1.71928e-05	0	0	0	0.544899	0.247337	0	0.297562		
1	1	4	43	1029		293.15	0	0	0.0250011	-0.00609168	-0.00609168	0	0	0	21.8078	-1.66163e-05	-1.66163e-05	0	0	0	0.541205	0.243361	0	0.297845		
1	1	4	44	1032		293.15	0	0	0.0248314	-0.00605805	-0.00605805	0	0	0	21.4252	-1.56642e-05	-1.56642e-05	0	0	0	0.537538	0.239418	0	0.29812		
1	1	4	45	1035		293.15	0	0	0.0246601	-0.00602437	-0.00602437	0	0	0	21.0426	-1.47167e-05	-1.47167e-05	0	0	0	0.5339	0.235511	0	0.29839		
1	1	4	46	1038		293.15	0	0	0.0244871	-0.00599064	-0.00599064	0	0	0	20.66	-1.37694e-05	-1.37694e-05	0	0	0	0.530293	0.231639	0	0.298655		
1	1	4	47	1041		293.15	0	0	0.0243125	-0.00595687	-0.00595687	0	0	0	20.2775	-1.2818e-05	-1.2818e-05	0	0	0	0.526719	0.227803	0	0.298916		
1	1	4	48	1044		293.15	0	0	0.0241363	-0.00592306	-0.00592306	0	0	0	19.8949	-1.18582e-05	-1.18582e-05	0	0	0	0.52318	0.224005	0	0.299175		
1	1	4	49	1047		293.15	0	0	0.0239585	-0.00588921	-0.00588921	0	0	0	19.5123	-1.12806e-05	-1.12806e-05	0	0	0	0.519677	0.220245	0	0.299432		
1	1	4	50	1050		293.15	0	0	0.0237791	-0.00585532	-0.00585532	0	0	0	19.1297	-1.06972e-05	-1.06972e-05	0	0	0	0.516211	0.216522	0	0.299689		
1	1	4	51	1053		293.15	0	0	0.0235982	-0.00582141	-0.00582141	0	0	0	18.7471	-1.01065e-05	-1.01065e-05	0	0	0	0.512785	0.212839	0	0.299946		
1	1	4	52	1056		293.15	0	0	0.0234158	-0.00578746	-0.00578746	0	0	0	18.3645	-9.50715e-06	-9.50715e-06	0	0	0	0.509399	0.209195	0	0.300205		
1	1	4	53	1059		293.15	0	0	0.0232318	-0.00575348	-0.00575348	0	0	0	17.9819	-8.89747e-06	-8.89747e-06	0	0	0	0.506056	0.205591	0	0.300465		
1	1	4	54	1062		293.15	0	0	0.0230463	-0.00571948	-0.00571948	0	0	0	17.5993	-8.27598e-06	-8.27598e-06	0	0	0	0.502756	0.202027	0	0.30073		
1	1	4	55	1065		293.15	0	0	0.0228594	-0.00568544	-0.00568544	0	0	0	17.2167	-7.64111e-06	-7.64111e-06	0	0	0	0.499502	0.198504	0	0.300998		
1	1	4	56	1068		293.15	0	0	0.0226709	-0.00565138	-0.00565138	0	0	0	16.8341	-6.99126e-06	-6.99126e-06	0	0	0	0.496293	0.195022	0	0.301271		
1	1	4	57	1071		293.15	0	0	0.022481	-0.00561728	-0.00561728	0	0	0	16.4515	-6.32482e-06	-6.32482e-06	0	0	0	0.493132	0.191583	0	0.301549		
1	1	4	58	1074		293.15	0	0	0.0222896	-0.00558316	-0.00558316	0	0	0	16.0689	-5.64014e-06	-5.64014e-06	0	0	0	0.49002	0.188185	0	0.301835		
1	1	4	59	1077		293.15	0	0	0.0220968	-0.005549	-0.005549	0	0	0	15.6863	-4.93552e-06	-4.93552e-06	0	0	0	0.486958	0.184831	0	0.302127		
1	1	4	60	1080		293.15	0	0	0.0219025	-0.00551479	-0.00551479	0	0	0	15.3037	-4.20927e-06	-4.20927e-06	0	0	0	0.483948	0.18152	0	0.302428		
1	1	4	61	1083		293.15	0	0	0.0217067	-0.00548055	-0.00548055	0	0	0	14.9212	-3.45963e-06	-3.45963e-06	0	0	0	0.48099	0.178252	0	0.302737		
1	1	4	62	1086		293.15	0	0	0.0215096	-0.00544626	-0.00544626	0	0	0	14.5386	-2.68484e-06	-2.68484e-06	0	0	0	0.478085	0.175029	0	0.303056		
1	1	4	63	1089		293.15	0	0	0.021311	-0.00541192	-0.00541192	0	0	0	14.156	-1.88311e-06	-1.88311e-06	0	0	0	0.475236	0.171851	0	0.303385		
1	1	4	64	1092		293.15	0	0	0.021111	-0.00537753	-0.00537753	0	0	0	13.7734	-1.05263e-06	-1.05263e-06	0	0	0	0.472443	0.168718	0	0.303725		
1	1	4	65	1095		293.15	0	0	0.0209096	-0.00534307	-0.00534307	0	0	0	13.3908	-1.91575e-07	-1.91575e-07	0	0	0	0.469708	0.165631	0	0.304076		
1	1	4	66	1098		293.15	0	0	0.0207068	-0.00530855	-0.00530855	0	0	0	13.0082	7.01891e-07	7.01891e-07	0	0	0	0.467031	0.162591	0	0.30444		
1	1	4	67	1101		293.15	0	0	0.0205026	-0.00527396	-0.00527396	0	0	0	12.6256	1.62962e-06	1.62962e-06	0	0	0	0.464414	0.159597	0	0.304817		
1	1	4	68	1104		293.15	0	0	0.020297	-0.0052393	-0.0052393	0	0	0	12.243	2.59346e-06	2.59346e-06	0	0	0	0.461858	0.15665	0	0.305207		
1	1	4	69	1107		293.15	0	0	0.02009	-0.00520455	-0.00520455	0	0	0	11.8604	3.19747e-06	3.19747e-06	0	0	0	0.459363	0.153751	0	0.305612		
1	1	4	70	1110		293.15	0	0	0.0198817	-0.00516971	-0.00516971	0	0	0	11.4778	3.81729e-06	3.81729e-06	0	0	0	0.456932	0.150901	0	0.306031		
1	1	4	71	1113		293.15	0	0	0.019672	-0.00513477	-0.00513477	0	0	0	11.0952	4.45373e-06	4.45373e-06	0	0	0	0.454566	0.148099	0	0.306466		
1	1	4	72	1116		293.15	0	0	0.019461	-0.00509974	-0.00509974	0	0	0	10.7126	5.10761e-06	5.10761e-06	0	0	0	0.452265	0.145347	0	0.306917		
1	1	4	73	1119		293.15	0	0	0.0192486	-0.0050646	-0.0050646	0	0	0	10.33	5.77975e-06	5.77975e-06	0	0	0	0.45003	0.142645	0	0.307385		
1	1	4	74	1122		293.15	0	0	0.0190349	-0.00502934	-0.00502934	0	0	0	9.94744	6.47096e-06	6.47096e-06	0	0	0	0.447863	0.139993	0	0.30787		
1	1	4	75	1125		293.15	0	0	0.0188198	-0.00499397	-0.00499397	0	0	0	9.56485	7.18209e-06	7.18209e-06	0	0	0	0.445765	0.137393	0	0.308373		
1	1	4	76	1128		293.15	0	0	0.0186035	-0.00495846	-0.00495846	0	0	0	9.18226	7.91394e-06	7.91394e-06	0	0	0	0.443737	0.134843	0	0.308894		
1	1	4	77	1131		293.15	0	0	0.0183858	-0.00492283	-0.00492283	0	0	0	8.79966	8.66734e-06	8.66734e-06	0	0	0	0.44178	0.132346	0	0.309434		
1	1	4	78	1134		293.15	0	0	0.0181668	-0.00488705	-0.00488705	0	0	0	8.41707	9.4431e-06	9.4431e-06	0	0	0	0.439894	0.129901	0	0.309994		
1	1	4	79	1137		293.15	0	0	0.0179465	-0.00485113	-0.00485113	0	0	0	8.03448	1.0242e-05	1.0242e-05	0	0	0	0.438082	0.127509	0	0.310573		
1	1	4	80	1140		293.15	0	0	0.0177249	-0.00481506	-0.00481506	0	0	0	7.65188	1.1065e-05	1.1065e-05	0	0	0	0.436344	0.12517	0	0.311174		
1	1	4	81	1143		293.15	0	0	0.017502	-0.00477883	-0.00477883	0	0	0	7.26929	1.19127e-05	1.19127e-05	0	0	0	0.434681	0.122886	0	0.311796		
1	1	4	82	1146		293.15	0	0	0.0172778	-0.00474243	-0.00474243	0	0	0	6.8867	1.27859e-05	1.27859e-05	0	0	0	0.433095	0.120656	0	0.312439		
1	1	4	83	1149		293.15	0	0	0.0170524	-0.00470587	-0.00470587	0	0	0	6.50411	1.36856e-05	1.36856e-05	0	0	0	0.431585	0.118481	0	0.313105		
1	1	4	84	1152		293.15	0	0	0.0168257	-0.00466913	-0.00466913	0	0	0	6.12151	1.46124e-05	1.46124e-05	0	0	0	0.430154	0.116361	0	0.313793		
1	1	4	85	1155		293.15	0	0	0.0165977	-0.0046322	-0.0046322	0	0	0	5.73892	1.5567e-05	1.5567e-05	0	0	0	0.428803	0.114297	0	0.314505		
1	1	4	86	1158		293.15	0	0	0.0163685	-0.00459509	-0.00459509	0	0	0	5.35633	1.61801e-05	1.61801e-05	0	0	0	0.427531	0.11229	0	0.315241		
1	1	4	87	1161		293.15	0	0	0.0161381	-0.00455778	-0.00455778	0	0	0	4.97373	1.68056e-05	1.68056e-05	0	0	0	0.426341	0.11034	0	0.316001		
1	1	4	88	1164		293.15	0	0	0.0159064	-0.00452027	-0.00452027	0	0	0	4.59114	1.74439e-05	1.74439e-05	0	0	0	0.425233	0.108447	0	0.316785		
1	1	4	89	1167		293.15	0	0	0.0156735	-0.00448256	-0.00448256	0	0	0	4.20855	1.80953e-05	1.80953e-05	0	0	0	0.424208	0.106613	0	0.317595		
1	1	4	90	1170		293.15	0	0	0.0154394	-0.00444464	-0.00444464	0	0	0	3.82595	1.876e-05	1.876e-05	0	0	0	0.423268	0.104836	0	0.318431		
1	1	4	91	1173		293.15	0	0	0.0152041	-0.00440649	-0.00440649	0	0	0	3.44336	1.94386e-05	1.94386e-05	0	0	0	0.422412	0.103119	0	0.319293		
1	1	4	92	1176		293.15	0	0	0.0149675	-0.00436813	-0.00436813	0	0	0	3.06077	2.01312e-05	2.01312e-05	0	0	0	0.421643	0.101461	0	0.320182		
1	1	4	93	1179		293.15	0	0	0.0147298	-0.00432954	-0.00432954	0	0	0	2.67817	2.08383e-05	2.08383e-05	0	0	0	0.420961	0.0998624	0	0.321098		
1	1	4	94	1182		293.15	0	0	0.0144908	-0.00429072	-0.00429072	0	0	0	2.29558	2.156e-05	2.156e-05	0	0	0	0.420367	0.0983243	0	0.322042		
1	1	4	95	1185		293.15	0	0	0.0142507	-0.00425166	-0.00425166	0	0	0	1.91299	2.22968e-05	2.22968e-05	0	0	0	0.419861	0.096847	0	0.323014		
1	1	4	96	1188		293.15	0	0	0.0140094	-0.00421236	-0.00421236	0	0	0	1.5304	2.30488e-05	2.30488e-05	0	0	0	0.419446	0.0954309	0	0.324015		
1	1	4	97	1191		293.15	0	0	0.0137669	-0.00417281	-0.00417281	0	0	0	1.1478	2.38164e-05	2.38164e-05	0	0	0	0.419121	0.0940765	0	0.325045		
1	1	4	98	1194		293.15	0	0	0.0135233	-0.00413301	-0.00413301	0	0	0	0.76521	2.45999e-05	2.45999e-05	0	0	0	0.418888	0.0927841	0	0.326104		
1	1	4	99	1197		293.15	0	0	0.0132785	-0.00409296	-0.00409296	0	0	0	0.382617	2.53994e-05	2.53994e-05	0	0	0	0.418748	0.0915544	0	0.327193		
1	1	4	100	1200		293.15	0	0	0.0130326	-0.00405264	-0.00405264	0	0	0	2.38145e-05	2.62154e-05	2.62154e-05	0	0	0	0.418701	0.0903876	0	0.328313		
1	1	5	1	1203		293.15	0	0	0.0133023	-0.00419363	-0.00419363	0	0	0	0.974653	2.64755e-05	2.64755e-05	0	0	0	0.418832	0.0895488	0	0.329283		
1	1	5	2	1206		293.15	0	0	0.0135719	-0.00433737	-0.00433737	0	0	0	1.88284	2.61264e-05	2.61264e-05	0	0	0	0.419217	0.0891075	0	0.33011		
1	1	5	3	1209		293.15	0	0	0.0138416	-0.00448264	-0.00448264	0	0	0	2.70209	2.64103e-05	2.64103e-05	0	0	0	0.419835	0.0889987	0	0.330837		
1	1	5	4	1212		293.15	0	0	0.0141113	-0.00460086	-0.00460086	0	0	0	3.48241	2.65979e-05	2.65979e-05	0	0	0	0.420669	0.0891975	0	0.331472		
1	1	5	5	1215		293.15	0	0	0.014381	-0.0047453	-0.0047453	0	0	0	4.25319	2.65905e-05	2.65905e-05	0	0	0	0.421712	0.0896946	0	0.332018		
1	1	5	6	1218		293.15	0	0	0.0146506	-0.00485644	-0.00485644	0	0	0	4.98106	2.69498e-05	2.69498e-05	0	0	0	0.422957	0.0904684	0	0.332489		
1	1	5	7	1221		293.15	0	0	0.0149203	-0.00499617	-0.00499617	0	0	0	5.71519	2.70417e-05	2.70417e-05	0	0	0	0.4244	0.0915105	0	0.332889		
1	1	5	8	1224		293.15	0	0	0.01519	-0.00510098	-0.00510098	0	0	0	6.41451	2.63578e-05	2.63578e-05	0	0	0	0.426035	0.0928092	0	0.333226		
1	1	5	9	1227		293.15	0	0	0.0154596	-0.00523046	-0.00523046	0	0	0	7.11881	2.67199e-05	2.67199e-05	0	0	0	0.42786	0.0943493	0	0.333511		
1	1	5	10	1230		293.15	0	0	0.0157293	-0.00533254	-0.00533254	0	0	0	7.79708	2.60351e-05	2.60351e-05	0	0	0	0.429871	0.0961275	0	0.333744		
1	1	5	11	1233		293.15	0	0	0.015999	-0.00544186	-0.00544186	0	0	0	8.46452	2.53103e-05	2.53103e-05	0	0	0	0.432064	0.0981253	0	0.333939		
1	1	5	12	1236		293.15	0	0	0.0162687	-0.00555046	-0.00555046	0	0	0	9.12675	2.44063e-05	2.44063e-05	0	0	0	0.434436	0.100338	0	0.334098		
1	1	5	13	1239		293.15	0	0	0.0165383	-0.0056551	-0.0056551	0	0	0	9.77989	2.3473e-05	2.3473e-05	0	0	0	0.436985	0.102757	0	0.334228		
1	1	5	14	1242		293.15	0	0	0.016808	-0.00575727	-0.00575727	0	0	0	10.425	2.29297e-05	2.29297e-05	0	0	0	0.43971	0.105375	0	0.334335		
1	1	5	15	1245		293.15	0	0	0.0170777	-0.00585693	-0.00585693	0	0	0	11.0615	2.21263e-05	2.21263e-05	0	0	0	0.442607	0.108183	0	0.334424		
1	1	5	16	1248		293.15	0	0	0.0173474	-0.00595489	-0.00595489	0	0	0	11.6894	2.16543e-05	2.16543e-05	0	0	0	0.445674	0.111174	0	0.334501		
1	1	5	17	1251		293.15	0	0	0.017617	-0.00605128	-0.00605128	0	0	0	12.3105	2.07966e-05	2.07966e-05	0	0	0	0.44891	0.114338	0	0.334572		
1	1	5	18	1254		293.15	0	0	0.0178867	-0.00614598	-0.00614598	0	0	0	12.9255	2.02601e-05	2.02601e-05	0	0	0	0.452313	0.117671	0	0.334643		
1	1	5	19	1257		293.15	0	0	0.0181564	-0.00623882	-0.00623882	0	0	0	13.5343	1.98105e-05	1.98105e-05	0	0	0	0.455881	0.121165	0	0.334716		
1	1	5	20	1260		293.15	0	0	0.0184261	-0.00632975	-0.00632975	0	0	0	14.1364	1.93806e-05	1.93806e-05	0	0	0	0.459612	0.124815	0	0.334797		
1	1	5	21	1263		293.15	0	0	0.0186957	-0.00641874	-0.00641874	0	0	0	14.7316	1.89526e-05	1.89526e-05	0	0	0	0.463504	0.128615	0	0.334889		
1	1	5	22	1266		293.15	0	0	0.0189654	-0.0065058	-0.0065058	0	0	0	15.3196	1.85013e-05	1.85013e-05	0	0	0	0.467557	0.132562	0	0.334995		
1	1	5	23	1269		293.15	0	0	0.0192351	-0.00659097	-0.00659097	0	0	0	15.9003	1.79883e-05	1.79883e-05	0	0	0	0.471766	0.136649	0	0.335117		
1	1	5	24	1272		293.15	0	0	0.0195048	-0.00667429	-0.00667429	0	0	0	16.4738	1.73599e-05	1.73599e-05	0	0	0	0.476131	0.140872	0	0.335259		
1	1	5	25	1275		293.15	0	0	0.0197744	-0.00675583	-0.00675583	0	0	0	17.0402	1.6545e-05	1.6545e-05	0	0	0	0.48065	0.145228	0	0.335422		
1	1	5	26	1278		293.15	0	0	0.0200441	-0.00683565	-0.00683565	0	0	0	17.5996	1.60719e-05	1.60719e-05	0	0	0	0.485321	0.149712	0	0.335609		
1	1	5	27	1281		293.15	0	0	0.0203138	-0.00691383	-0.00691383	0	0	0	18.1523	1.54899e-05	1.54899e-05	0	0	0	0.490142	0.154321	0	0.335821		
1	1	5	28	1284		293.15	0	0	0.0205835	-0.00699044	-0.00699044	0	0	0	18.6985	1.47607e-05	1.47607e-05	0	0	0	0.49511	0.15905	0	0.336061		
1	1	5	29	1287		293.15	0	0	0.0208531	-0.00706554	-0.00706554	0	0	0	19.2383	1.38414e-05	1.38414e-05	0	0	0	0.500226	0.163897	0	0.336329		
1	1	5	30	1290		293.15	0	0	0.0211228	-0.0071392	-0.0071392	0	0	0	19.7721	1.33184e-05	1.33184e-05	0	0	0	0.505486	0.168858	0	0.336627		
1	1	5	31	1293		293.15	0	0	0.0213925	-0.00721148	-0.00721148	0	0	0	20.3	1.27035e-05	1.27035e-05	0	0	0	0.510889	0.173931	0	0.336958		
1	1	5	32	1296		293.15	0	0	0.0216622	-0.00728244	-0.00728244	0	0	0	20.8222	1.19786e-05	1.19786e-05	0	0	0	0.516434	0.179113	0	0.33732		
1	1	5	33	1299		293.15	0	0	0.0219318	-0.00735213	-0.00735213	0	0	0	21.3387	1.11246e-05	1.11246e-05	0	0	0	0.522119	0.184401	0	0.337717		
1	1	5	34	1302		293.15	0	0	0.0222015	-0.00742062	-0.00742062	0	0	0	21.8499	1.06255e-05	1.06255e-05	0	0	0	0.527942	0.189793	0	0.338149		
1	1	5	35	1305		293.15	0	0	0.0224712	-0.00748795	-0.00748795	0	0	0	22.3557	1.00675e-05	1.00675e-05	0	0	0	0.533903	0.195286	0	0.338617		
1	1	5	36	1308		293.15	0	0	0.0227409	-0.00755419	-0.00755419	0	0	0	22.8565	9.44249e-06	9.44249e-06	0	0	0	0.539999	0.200878	0	0.339121		
1	1	5	37	1311		293.15	0	0	0.0230105	-0.00761937	-0.00761937	0	0	0	23.3522	8.74239e-06	8.74239e-06	0	0	0	0.54623	0.206567	0	0.339663		
1	1	5	38	1314		293.15	0	0	0.0232802	-0.00768354	-0.00768354	0	0	0	23.8431	7.95888e-06	7.95888e-06	0	0	0	0.552593	0.212351	0	0.340243		
1	1	5	39	1317		293.15	0	0	0.0235499	-0.00774676	-0.00774676	0	0	0	24.3292	7.0836e-06	7.0836e-06	0	0	0	0.559089	0.218227	0	0.340861		
1	1	5	40	1320		293.15	0	0	0.0238195	-0.00780907	-0.00780907	0	0	0	24.8107	6.57216e-06	6.57216e-06	0	0	0	0.565715	0.224195	0	0.341519		
1	1	5	41	1323		293.15	0	0	0.0240892	-0.00787051	-0.00787051	0	0	0	25.2877	6.01955e-06	6.01955e-06	0	0	0	0.57247	0.230253	0	0.342217		
1	1	5	42	1326		293.15	0	0	0.0243589	-0.00793111	-0.00793111	0	0	0	25.7602	5.42217e-06	5.42217e-06	0	0	0	0.579353	0.236398	0	0.342955		
1	1	5	43	1329		293.15	0	0	0.0246286	-0.00799093	-0.00799093	0	0	0	26.2285	4.77639e-06	4.77639e-06	0	0	0	0.586363	0.24263	0	0.343733		
1	1	5	44	1332		293.15	0	0	0.0248982	-0.00805001	-0.00805001	0	0	0	26.6926	4.0786e-06	4.0786e-06	0	0	0	0.593499	0.248946	0	0.344553		
1	1	5	45	1335		293.15	0	0	0.0251679	-0.00810837	-0.00810837	0	0	0	27.1525	3.32526e-06	3.32526e-06	0	0	0	0.600759	0.255346	0	0.345413		
1	1	5	46	1338		293.15	0	0	0.0254376	-0.00816605	-0.00816605	0	0	0	27.6085	2.51288e-06	2.51288e-06	0	0	0	0.608143	0.261828	0	0.346315		
1	1	5	47	1341		293.15	0	0	0.0257073	-0.00822309	-0.00822309	0	0	0	28.0605	1.63803e-06	1.63803e-06	0	0	0	0.615649	0.26839	0	0.347259		
1	1	5	48	1344		293.15	0	0	0.0259769	-0.00827953	-0.00827953	0	0	0	28.5087	6.9742e-07	6.9742e-07	0	0	0	0.623277	0.275032	0	0.348244		
1	1	5	49	1347		293.15	0	0	0.0262466	-0.00833539	-0.00833539	0	0	0	28.9532	1.5223e-07	1.5223e-07	0	0	0	0.631025	0.281753	0	0.349271		
1	1	5	50	1350		293.15	0	0	0.0265163	-0.00839071	-0.00839071	0	0	0	29.394	-4.22318e-07	-4.22318e-07	0	0	0	0.638892	0.288551	0	0.350341		
1	1	5	51	1353		293.15	0	0	0.026786	-0.00844552	-0.00844552	0	0	0	29.8312	-1.02761e-06	-1.02761e-06	0	0	0	0.646878	0.295425	0	0.351453		
1	1	5	52	1356		293.15	0	0	0.0270556	-0.00849984	-0.00849984	0	0	0	30.2649	-1.66499e-06	-1.66499e-06	0	0	0	0.654981	0.302374	0	0.352606		
1	1	5	53	1359		293.15	0	0	0.0273253	-0.00855371	-0.00855371	0	0	0	30.6952	-2.33571e-06	-2.33571e-06	0	0	0	0.663201	0.309398	0	0.353802		
1	1	5	54	1362		293.15	0	0	0.027595	-0.00860715	-0.00860715	0	0	0	31.1221	-3.04098e-06	-3.04098e-06	0	0	0	0.671536	0.316495	0	0.355041		
1	1	5	55	1365		293.15	0	0	0.0278647	-0.00866019	-0.00866019	0	0	0	31.5458	-3.78193e-06	-3.78193e-06	0	0	0	0.679986	0.323664	0	0.356321		
1	1	5	56	1368		293.15	0	0	0.0281343	-0.00871285	-0.00871285	0	0	0	31.9663	-4.55959e-06	-4.55959e-06	0	0	0	0.68855	0.330905	0	0.357644		
1	1	5	57	1371		293.15	0	0	0.028404	-0.00876517	-0.00876517	0	0	0	32.3836	-5.37496e-06	-5.37496e-06	0	0	0	0.697226	0.338217	0	0.35901		
1	1	5	58	1374		293.15	0	0	0.0286737	-0.00881715	-0.00881715	0	0	0	32.7978	-6.2289e-06	-6.2289e-06	0	0	0	0.706015	0.345598	0	0.360417		
1	1	5	59	1377		293.15	0	0	0.0289434	-0.00886883	-0.00886883	0	0	0	33.2091	-7.12223e-06	-7.12223e-06	0	0	0	0.714915	0.353049	0	0.361866		
1	1	5	60	1380		293.15	0	0	0.029213	-0.00892023	-0.00892023	0	0	0	33.6174	-8.05567e-06	-8.05567e-06	0	0	0	0.723926	0.360568	0	0.363358		
1	1	5	61	1383		293.15	0	0	0.0294827	-0.00897136	-0.00897136	0	0	0	34.0228	-8.60486e-06	-8.60486e-06	0	0	0	0.733046	0.368155	0	0.364892		
1	1	5	62	1386		293.15	0	0	0.0297524	-0.00902225	-0.00902225	0	0	0	34.4254	-9.17185e-06	-9.17185e-06	0	0	0	0.742276	0.375809	0	0.366467		
1	1	5	63	1389		293.15	0	0	0.0300221	-0.00907293	-0.00907293	0	0	0	34.8252	-9.75693e-06	-9.75693e-06	0	0	0	0.751613	0.383529	0	0.368084		
1	1	5	64	1392		293.15	0	0	0.0302917	-0.0091234	-0.0091234	0	0	0	35.2222	-1.03603e-05	-1.03603e-05	0	0	0	0.761058	0.391315	0	0.369743		
1	1	5	65	1395		293.15	0	0	0.0305614	-0.00917368	-0.00917368	0	0	0	35.6167	-1.09822e-05	-1.09822e-05	0	0	0	0.77061	0.399166	0	0.371444		
1	1	5	66	1398		293.15	0	0	0.0308311	-0.0092238	-0.0092238	0	0	0	36.0085	-1.16227e-05	-1.16227e-05	0	0	0	0.780268	0.407082	0	0.373186		
1	1	5	67	1401		293.15	0	0	0.0311008	-0.00927377	-0.00927377	0	0	0	36.3978	-1.22821e-05	-1.22821e-05	0	0	0	0.790031	0.415062	0	0.374969		
1	1	5	68	1404		293.15	0	0	0.0313704	-0.00932361	-0.00932361	0	0	0	36.7845	-1.29602e-05	-1.29602e-05	0	0	0	0.799898	0.423105	0	0.376794		
1	1	5	69	1407		293.15	0	0	0.0316401	-0.00937333	-0.00937333	0	0	0	37.1688	-1.36573e-05	-1.36573e-05	0	0	0	0.80987	0.431211	0	0.378659		
1	1	5	70	1410		293.15	0	0	0.0319098	-0.00942295	-0.00942295	0	0	0	37.5507	-1.43733e-05	-1.43733e-05	0	0	0	0.819945	0.439379	0	0.380566		
1	1	5	71	1413		293.15	0	0	0.0321794	-0.00947248	-0.00947248	0	0	0	37.9302	-1.51081e-05	-1.51081e-05	0	0	0	0.830123	0.447609	0	0.382514		
1	1	5	72	1416		293.15	0	0	0.0324491	-0.00952194	-0.00952194	0	0	0	38.3074	-1.58618e-05	-1.58618e-05	0	0	0	0.840402	0.455901	0	0.384502		
1	1	5	73	1419		293.15	0	0	0.0327188	-0.00957134	-0.00957134	0	0	0	38.6824	-1.66342e-05	-1.66342e-05	0	0	0	0.850783	0.464253	0	0.38653		
1	1	5	74	1422		293.15	0	0	0.0329885	-0.0096207	-0.0096207	0	0	0	39.0551	-1.74252e-05	-1.74252e-05	0	0	0	0.861265	0.472666	0	0.388599		
1	1	5	75	1425		293.15	0	0	0.0332581	-0.00967002	-0.00967002	0	0	0	39.4256	-1.82347e-05	-1.82347e-05	0	0	0	0.871847	0.481139	0	0.390709		
1	1	5	76	1428		293.15	0	0	0.0335278	-0.00971933	-0.00971933	0	0	0	39.7939	-1.90625e-05	-1.90625e-05	0	0	0	0.882529	0.489671	0	0.392858		
1	1	5	77	1431		293.15	0	0	0.0337975	-0.00976862	-0.00976862	0	0	0	40.1601	-1.99083e-05	-1.99083e-05	0	0	0	0.89331	0.498263	0	0.395047		
1	1	5	78	1434		293.15	0	0	0.0340672	-0.00981791	-0.00981791	0	0	0	40.5243	-2.0772e-05	-2.0772e-05	0	0	0	0.904189	0.506913	0	0.397276		
1	1	5	79	1437		293.15	0	0	0.0343368	-0.00986722	-0.00986722	0	0	0	40.8864	-2.16533e-05	-2.16533e-05	0	0	0	0.915166	0.515621	0	0.399545		
1	1	5	80	1440		293.15	0	0	0.0346065	-0.00991656	-0.00991656	0	0	0	41.2466	-2.25519e-05	-2.25519e-05	0	0	0	0.926241	0.524388	0	0.401853		
1	1	5	81	1443		293.15	0	0	0.0348762	-0.00996592	-0.00996592	0	0	0	41.6048	-2.34675e-05	-2.34675e-05	0	0	0	0.937412	0.533212	0	0.404201		
1	1	5	82	1446		293.15	0	0	0.0351459	-0.0100153	-0.0100153	0	0	0	41.961	-2.43999e-05	-2.43999e-05	0	0	0	0.94868	0.542093	0	0.406588		
1	1	5	83	1449		293.15	0	0	0.0354155	-0.0100648	-0.0100648	0	0	0	42.3153	-2.53486e-05	-2.53486e-05	0	0	0	0.960044	0.551031	0	0.409013		
1	1	5	84	1452		293.15	0	0	0.0356852	-0.0101143	-0.0101143	0	0	0	42.6678	-2.63133e-05	-2.63133e-05	0	0	0	0.971503	0.560025	0	0.411478		
1	1	5	85	1455		293.15	0	0	0.0359549	-0.0101639	-0.0101639	0	0	0	43.0185	-2.68828e-05	-2.68828e-05	0	0	0	0.983056	0.569075	0	0.413981		
1	1	5	86	1458		293.15	0	0	0.0362246	-0.0102136	-0.0102136	0	0	0	43.3674	-2.74593e-05	-2.74593e-05	0	0	0	0.994704	0.578182	0	0.416523		
1	1	5	87	1461		293.15	0	0	0.0364942	-0.0102633	-0.0102633	0	0	0	43.7145	-2.80426e-05	-2.80426e-05	0	0	0	1.00645	0.587343	0	0.419103		
1	1	5	88	1464		293.15	0	0	0.0367639	-0.0103132	-0.0103132	0	0	0	44.0598	-2.86326e-05	-2.86326e-05	0	0	0	1.01828	0.59656	0	0.421721		
1	1	5	89	1467		293.15	0	0	0.0370336	-0.0103631	-0.0103631	0	0	0	44.4035	-2.9229e-05	-2.9229e-05	0	0	0	1.03021	0.605832	0	0.424378		
1	1	5	90	1470		293.15	0	0	0.0373033	-0.0104132	-0.0104132	0	0	0	44.7454	-2.98317e-05	-2.98317e-05	0	0	0	1.04223	0.615158	0	0.427072		
1	1	5	91	1473		293.15	0	0	0.0375729	-0.0104634	-0.0104634	0	0	0	45.0858	-3.04405e-05	-3.04405e-05	0	0	0	1.05434	0.624538	0	0.429804		
1	1	5	92	1476		293.15	0	0	0.0378426	-0.0105137	-0.0105137	0	0	0	45.4245	-3.10552e-05	-3.10552e-05	0	0	0	1.06655	0.633973	0	0.432574		
1	1	5	93	1479		293.15	0	0	0.0381123	-0.0105641	-0.0105641	0	0	0	45.7616	-3.16755e-05	-3.16755e-05	0	0	0	1.07884	0.643461	0	0.435381		
1	1	5	94	1482		293.15	0	0	0.038382	-0.0106146	-0.0106146	0	0	0	46.0971	-3.23014e-05	-3.23014e-05	0	0	0	1.09123	0.653002	0	0.438226		
1	1	5	95	1485		293.15	0	0	0.0386516	-0.0106653	-0.0106653	0	0	0	46.4311	-3.29325e-05	-3.29325e-05	0	0	0	1.1037	0.662597	0	0.441108		
1	1	5	96	1488		293.15	0	0	0.0389213	-0.0107161	-0.0107161	0	0	0	46.7636	-3.35687e-05	-3.35687e-05	0	0	0	1.11627	0.672244	0	0.444026		
1	1	5	97	1491		293.15	0	0	0.039191	-0.0107671	-0.0107671	0	0	0	47.0946	-3.42098e-05	-3.42098e-05	0	0	0	1.12893	0.681944	0	0.446982		
1	1	5	98	1494		293.15	0	0	0.0394607	-0.0108182	-0.0108182	0	0	0	47.4241	-3.48555e-05	-3.48555e-05	0	0	0	1.14167	0.691697	0	0.449974		
1	1	5	99	1497		293.15	0	0	0.0397303	-0.0108695	-0.0108695	0	0	0	47.7521	-3.55058e-05	-3.55058e-05	0	0	0	1.1545	0.701501	0	0.453003		
1	1	5	100	1500		293.15	0	0	0.04	-0.010921	-0.010921	0	0	0	48.0788	-3.61602e-05	-3.61602e-05	0	0	0	1.16743	0.711358	0	0.456068		
1	1	6	1	1503		293.15	0	0	0.0399663	-0.0108664	-0.0108664	0	0	0	47.598	-3.6293e-05	-3.6293e-05	0	0	0	1.16581	0.706795	0	0.459019		
1	1	6	2	1506		293.15	0	0	0.0399058	-0.0108055	-0.0108055	0	0	0	47.1172	-3.63474e-05	-3.63474e-05	0	0	0	1.16295	0.701133	0	0.461817		
1	1	6	3	1509		293.15	0	0	0.0398353	-0.0107426	-0.0107426	0	0	0	46.6364	-3.65107e-05	-3.65107e-05	0	0	0	1.15964	0.695167	0	0.464475		
1	1	6	4	1512		293.15	0	0	0.0397556	-0.0106783	-0.0106783	0	0	0	46.1556	-3.66634e-05	-3.66634e-05	0	0	0	1.15595	0.688948	0	0.467		
1	1	6	5	1515		293.15	0	0	0.0396678	-0.0106129	-0.0106129	0	0	0	45.6748	-3.65222e-05	-3.65222e-05	0	0	0	1.15192	0.682515	0	0.4694		
1	1	6	6	1518		293.15	0	0	0.039573	-0.0105458	-0.0105458	0	0	0	45.194	-3.60312e-05	-3.60312e-05	0	0	0	1.14761	0.675927	0	0.47168		
1	1	6	7	1521		293.15	0	0	0.0394708	-0.0104763	-0.0104763	0	0	0	44.7133	-3.57028e-05	-3.57028e-05	0	0	0	1.14301	0.669167	0	0.473845		
1	1	6	8	1524		293.15	0	0	0.0393584	-0.010404	-0.010404	0	0	0	44.2325	-3.52519e-05	-3.52519e-05	0	0	0	1.13801	0.662114	0	0.4759		
1	1	6	9	1527		293.15	0	0	0.0392386	-0.0103511	-0.0103511	0	0	0	43.7517	-3.53603e-05	-3.53603e-05	0	0	0	1.13274	0.654889	0	0.477855		
1	1	6	10	1530		293.15	0	0	0.0391258	-0.0102821	-0.0102821	0	0	0	43.2709	-3.52305e-05	-3.52305e-05	0	0	0	1.12784	0.648145	0	0.479692		
1	1	6	11	1533		293.15	0	0	0.0389983	-0.0102274	-0.0102274	0	0	0	42.7901	-3.54566e-05	-3.54566e-05	0	0	0	1.12235	0.640908	0	0.481442		
1	1	6	12	1536		293.15	0	0	0.0388775	-0.0101583	-0.0101583	0	0	0	42.3093	-3.51649e-05	-3.51649e-05	0	0	0	1.11721	0.634122	0	0.483088		
1	1	6	13	1539		293.15	0	0	0.0387438	-0.0101083	-0.0101083	0	0	0	41.8285	-3.50614e-05	-3.50614e-05	0	0	0	1.11158	0.626932	0	0.484653		
1	1	6	14	1542		293.15	0	0	0.0386144	-0.0100396	-0.0100396	0	0	0	41.3477	-3.51339e-05	-3.51339e-05	0	0	0	1.1062	0.620076	0	0.486126		
1	1	6	15	1545		293.15	0	0	0.0384751	-0.00999265	-0.00999265	0	0	0	40.867	-3.51469e-05	-3.51469e-05	0	0	0	1.10048	0.612957	0	0.487521		
1	1	6	16	1548		293.15	0	0	0.0383316	-0.00993852	-0.00993852	0	0	0	40.3862	-3.44848e-05	-3.44848e-05	0	0	0	1.09465	0.605809	0	0.488838		
1	1	6	17	1551		293.15	0	0	0.0381874	-0.00988204	-0.00988204	0	0	0	39.9054	-3.35717e-05	-3.35717e-05	0	0	0	1.08886	0.59878	0	0.49008		
1	1	6	18	1554		293.15	0	0	0.0380392	-0.0098294	-0.0098294	0	0	0	39.4246	-3.29718e-05	-3.29718e-05	0	0	0	1.08298	0.59173	0	0.49125		
1	1	6	19	1557		293.15	0	0	0.0378882	-0.00977663	-0.00977663	0	0	0	38.9438	-3.21785e-05	-3.21785e-05	0	0	0	1.07706	0.58471	0	0.492354		
1	1	6	20	1560		293.15	0	0	0.0377347	-0.00972466	-0.00972466	0	0	0	38.463	-3.15809e-05	-3.15809e-05	0	0	0	1.07112	0.577729	0	0.493393		
1	1	6	21	1563		293.15	0	0	0.0375787	-0.00967354	-0.00967354	0	0	0	37.9822	-3.10165e-05	-3.10165e-05	0	0	0	1.06516	0.570786	0	0.494371		
1	1	6	22	1566		293.15	0	0	0.03742	-0.00962324	-0.00962324	0	0	0	37.5014	-3.01453e-05	-3.01453e-05	0	0	0	1.05917	0.563876	0	0.495293		
1	1	6	23	1569		293.15	0	0	0.0372585	-0.00957369	-0.00957369	0	0	0	37.0207	-2.95992e-05	-2.95992e-05	0	0	0	1.05315	0.55699	0	0.496161		
1	1	6	24	1572		293.15	0	0	0.0370938	-0.00952481	-0.00952481	0	0	0	36.5399	-2.88538e-05	-2.88538e-05	0	0	0	1.0471	0.550117	0	0.496978		
1	1	6	25	1575		293.15	0	0	0.0369259	-0.00947652	-0.00947652	0	0	0	36.0591	-2.8244e-05	-2.8244e-05	0	0	0	1.041	0.54325	0	0.497748		
1	1	6	26	1578		293.15	0	0	0.0367545	-0.00942874	-0.00942874	0	0	0	35.5783	-2.74094e-05	-2.74094e-05	0	0	0	1.03486	0.536385	0	0.498474		
1	1	6	27	1581		293.15	0	0	0.0365796	-0.00938138	-0.00938138	0	0	0	35.0975	-2.67869e-05	-2.67869e-05	0	0	0	1.02868	0.529524	0	0.499157		
1	1	6	28	1584		293.15	0	0	0.0364015	-0.00933436	-0.00933436	0	0	0	34.6167	-2.60549e-05	-2.60549e-05	0	0	0	1.02247	0.52267	0	0.499801		
1	1	6	29	1587		293.15	0	0	0.0362201	-0.00928761	-0.00928761	0	0	0	34.1359	-2.52248e-05	-2.52248e-05	0	0	0	1.01624	0.515828	0	0.500408		
1	1	6	30	1590		293.15	0	0	0.0360356	-0.00924107	-0.00924107	0	0	0	33.6551	-2.43181e-05	-2.43181e-05	0	0	0	1.00998	0.509	0	0.500981		
1	1	6	31	1593		293.15	0	0	0.035848	-0.0091947	-0.0091947	0	0	0	33.1744	-2.37429e-05	-2.37429e-05	0	0	0	1.00371	0.502192	0	0.501522		
1	1	6	32	1596		293.15	0	0	0.0356576	-0.00914844	-0.00914844	0	0	0	32.6936	-2.31587e-05	-2.31587e-05	0	0	0	0.997442	0.495408	0	0.502034		
1	1	6	33	1599		293.15	0	0	0.0354643	-0.00910227	-0.00910227	0	0	0	32.2128	-2.25736e-05	-2.25736e-05	0	0	0	0.991169	0.48865	0	0.502519		
1	1	6	34	1602		293.15	0	0	0.0352683	-0.00905616	-0.00905616	0	0	0	31.732	-2.19934e-05	-2.19934e-05	0	0	0	0.984902	0.481922	0	0.50298		
1	1	6	35	1605		293.15	0	0	0.0350696	-0.00901009	-0.00901009	0	0	0	31.2512	-2.14221e-05	-2.14221e-05	0	0	0	0.978646	0.475227	0	0.503419		
1	1	6	36	1608		293.15	0	0	0.0348684	-0.00896403	-0.00896403	0	0	0	30.7704	-2.04875e-05	-2.04875e-05	0	0	0	0.972407	0.468569	0	0.503839		
1	1	6	37	1611		293.15	0	0	0.0346648	-0.00891797	-0.00891797	0	0	0	30.2896	-1.95801e-05	-1.95801e-05	0	0	0	0.966189	0.461948	0	0.504241		
1	1	6	38	1614		293.15	0	0	0.0344587	-0.00887191	-0.00887191	0	0	0	29.8088	-1.86983e-05	-1.86983e-05	0	0	0	0.959997	0.455369	0	0.504628		
1	1	6	39	1617		293.15	0	0	0.0342503	-0.00882585	-0.00882585	0	0	0	29.3281	-1.78387e-05	-1.78387e-05	0	0	0	0.953835	0.448833	0	0.505002		
1	1	6	40	1620		293.15	0	0	0.0340396	-0.00877977	-0.00877977	0	0	0	28.8473	-1.69966e-05	-1.69966e-05	0	0	0	0.947707	0.442341	0	0.505365		
1	1	6	41	1623		293.15	0	0	0.0338267	-0.00873369	-0.00873369	0	0	0	28.3665	-1.61667e-05	-1.61667e-05	0	0	0	0.941616	0.435896	0	0.50572		
1	1	6	42	1626		293.15	0	0	0.0336116	-0.0086876	-0.0086876	0	0	0	27.8857	-1.53434e-05	-1.53434e-05	0	0	0	0.935567	0.4295	0	0.506067		
1	1	6	43	1629		293.15	0	0	0.0333945	-0.00864152	-0.00864152	0	0	0	27.4049	-1.45212e-05	-1.45212e-05	0	0	0	0.929563	0.423153	0	0.50641		
1	1	6	44	1632		293.15	0	0	0.0331752	-0.00859545	-0.00859545	0	0	0	26.9241	-1.36946e-05	-1.36946e-05	0	0	0	0.923606	0.416857	0	0.506749		
1	1	6	45	1635		293.15	0	0	0.0329538	-0.0085494	-0.0085494	0	0	0	26.4433	-1.28584e-05	-1.28584e-05	0	0	0	0.917699	0.410613	0	0.507087		
1	1	6	46	1638		293.15	0	0	0.0327304	-0.00850336	-0.00850336	0	0	0	25.9625	-1.20073e-05	-1.20073e-05	0	0	0	0.911846	0.404422	0	0.507424		
1	1	6	47	1641		293.15	0	0	0.032505	-0.00845735	-0.00845735	0	0	0	25.4818	-1.11361e-05	-1.11361e-05	0	0	0	0.906048	0.398285	0	0.507764		
1	1	6	48	1644		293.15	0	0	0.0322776	-0.00841137	-0.00841137	0	0	0	25.001	-1.02397e-05	-1.02397e-05	0	0	0	0.900309	0.392203	0	0.508106		
1	1	6	49	1647		293.15	0	0	0.0320483	-0.00836542	-0.00836542	0	0	0	24.5202	-9.31287e-06	-9.31287e-06	0	0	0	0.89463	0.386176	0	0.508453		
1	1	6	50	1650		293.15	0	0	0.031817	-0.0083195	-0.0083195	0	0	0	24.0394	-8.75004e-06	-8.75004e-06	0	0	0	0.889014	0.380207	0	0.508807		
1	1	6	51	1653		293.15	0	0	0.0315837	-0.00827362	-0.00827362	0	0	0	23.5586	-8.17262e-06	-8.17262e-06	0	0	0	0.883462	0.374295	0	0.509168		
1	1	6	52	1656		293.15	0	0	0.0313485	-0.00822776	-0.00822776	0	0	0	23.0778	-7.57857e-06	-7.57857e-06	0	0	0	0.877979	0.368441	0	0.509537		
1	1	6	53	1659		293.15	0	0	0.0311115	-0.00818193	-0.00818193	0	0	0	22.597	-6.96577e-06	-6.96577e-06	0	0	0	0.872564	0.362647	0	0.509917		
1	1	6	54	1662		293.15	0	0	0.0308725	-0.00813613	-0.00813613	0	0	0	22.1162	-6.33204e-06	-6.33204e-06	0	0	0	0.867221	0.356912	0	0.510309		
1	1	6	55	1665		293.15	0	0	0.0306316	-0.00809035	-0.00809035	0	0	0	21.6355	-5.67515e-06	-5.67515e-06	0	0	0	0.861952	0.351239	0	0.510713		
1	1	6	56	1668		293.15	0	0	0.0303889	-0.00804458	-0.00804458	0	0	0	21.1547	-4.9928e-06	-4.9928e-06	0	0	0	0.856758	0.345627	0	0.511132		
1	1	6	57	1671		293.15	0	0	0.0301442	-0.00799882	-0.00799882	0	0	0	20.6739	-4.28264e-06	-4.28264e-06	0	0	0	0.851643	0.340077	0	0.511565		
1	1	6	58	1674		293.15	0	0	0.0298978	-0.00795307	-0.00795307	0	0	0	20.1931	-3.54226e-06	-3.54226e-06	0	0	0	0.846606	0.334591	0	0.512015		
1	1	6	59	1677		293.15	0	0	0.0296495	-0.00790731	-0.00790731	0	0	0	19.7123	-2.76921e-06	-2.76921e-06	0	0	0	0.841652	0.329169	0	0.512483		
1	1	6	60	1680		293.15	0	0	0.0293993	-0.00786154	-0.00786154	0	0	0	19.2315	-1.96101e-06	-1.96101e-06	0	0	0	0.836781	0.323813	0	0.512969		
1	1	6	61	1683		293.15	0	0	0.0291474	-0.00781575	-0.00781575	0	0	0	18.7507	-1.11515e-06	-1.11515e-06	0	0	0	0.831996	0.318522	0	0.513474		
1	1	6	62	1686		293.15	0	0	0.0288936	-0.00776994	-0.00776994	0	0	0	18.2699	-2.29084e-07	-2.29084e-07	0	0	0	0.827299	0.313298	0	0.514001		
1	1	6	63	1689		293.15	0	0	0.028638	-0.00772408	-0.00772408	0	0	0	17.7892	6.99738e-07	6.99738e-07	0	0	0	0.822691	0.308142	0	0.514549		
1	1	6	64	1692		293.15	0	0	0.0283806	-0.00767819	-0.00767819	0	0	0	17.3084	1.28303e-06	1.28303e-06	0	0	0	0.818174	0.303054	0	0.51512		
1	1	6	65	1695		293.15	0	0	0.0281215	-0.00763223	-0.00763223	0	0	0	16.8276	1.88499e-06	1.88499e-06	0	0	0	0.813751	0.298035	0	0.515716		
1	1	6	66	1698		293.15	0	0	0.0278606	-0.00758622	-0.00758622	0	0	0	16.3468	2.50675e-06	2.50675e-06	0	0	0	0.809423	0.293088	0	0.516336		
1	1	6	67	1701		293.15	0	0	0.0275979	-0.00754013	-0.00754013	0	0	0	15.866	3.14941e-06	3.14941e-06	0	0	0	0.805193	0.288211	0	0.516982		
1	1	6	68	1704		293.15	0	0	0.0273335	-0.00749396	-0.00749396	0	0	0	15.3852	3.81411e-06	3.81411e-06	0	0	0	0.801061	0.283406	0	0.517655		
1	1	6	69	1707		293.15	0	0	0.0270673	-0.0074477	-0.0074477	0	0	0	14.9044	4.50196e-06	4.50196e-06	0	0	0	0.79703	0.278675	0	0.518355		
1	1	6	70	1710		293.15	0	0	0.0267994	-0.00740134	-0.00740134	0	0	0	14.4236	5.2141e-06	5.2141e-06	0	0	0	0.793102	0.274017	0	0.519085		
1	1	6	71	1713		293.15	0	0	0.0265298	-0.00735487	-0.00735487	0	0	0	13.9429	5.95164e-06	5.95164e-06	0	0	0	0.789278	0.269434	0	0.519844		
1	1	6	72	1716		293.15	0	0	0.0262585	-0.00730827	-0.00730827	0	0	0	13.4621	6.71571e-06	6.71571e-06	0	0	0	0.78556	0.264927	0	0.520633		
1	1	6	73	1719		293.15	0	0	0.0259855	-0.00726155	-0.00726155	0	0	0	12.9813	7.50741e-06	7.50741e-06	0	0	0	0.781951	0.260496	0	0.521455		
1	1	6	74	1722		293.15	0	0	0.0257108	-0.0072147	-0.0072147	0	0	0	12.5005	8.32785e-06	8.32785e-06	0	0	0	0.778451	0.256143	0	0.522308		
1	1	6	75	1725		293.15	0	0	0.0254345	-0.00716769	-0.00716769	0	0	0	12.0197	9.17812e-06	9.17812e-06	0	0	0	0.775063	0.251868	0	0.523195		
1	1	6	76	1728		293.15	0	0	0.0251565	-0.00712053	-0.00712053	0	0	0	11.5389	1.00593e-05	1.00593e-05	0	0	0	0.771788	0.247672	0	0.524116		
1	1	6	77	1731		293.15	0	0	0.0248768	-0.0070732	-0.0070732	0	0	0	11.0581	1.09725e-05	1.09725e-05	0	0	0	0.768628	0.243556	0	0.525071		
1	1	6	78	1734		293.15	0	0	0.0245955	-0.0070257	-0.0070257	0	0	0	10.5773	1.19187e-05	1.19187e-05	0	0	0	0.765585	0.239521	0	0.526063		
1	1	6	79	1737		293.15	0	0	0.0243125	-0.00697802	-0.00697802	0	0	0	10.0966	1.25208e-05	1.25208e-05	0	0	0	0.76266	0.235568	0	0.527091		
1	1	6	80	1740		293.15	0	0	0.0240279	-0.00693014	-0.00693014	0	0	0	9.61577	1.31376e-05	1.31376e-05	0	0	0	0.759855	0.231698	0	0.528157		
1	1	6	81	1743		293.15	0	0	0.0237418	-0.00688207	-0.00688207	0	0	0	9.13499	1.37694e-05	1.37694e-05	0	0	0	0.757172	0.227911	0	0.529261		
1	1	6	82	1746		293.15	0	0	0.023454	-0.00683378	-0.00683378	0	0	0	8.6542	1.44168e-05	1.44168e-05	0	0	0	0.754612	0.224208	0	0.530404		
1	1	6	83	1749		293.15	0	0	0.0231646	-0.00678528	-0.00678528	0	0	0	8.17341	1.50802e-05	1.50802e-05	0	0	0	0.752177	0.220591	0	0.531587		
1	1	6	84	1752		293.15	0	0	0.0228736	-0.00673656	-0.00673656	0	0	0	7.69262	1.57601e-05	1.57601e-05	0	0	0	0.749869	0.217059	0	0.53281		
1	1	6	85	1755		293.15	0	0	0.0225811	-0.00668761	-0.00668761	0	0	0	7.21184	1.64569e-05	1.64569e-05	0	0	0	0.747689	0.213614	0	0.534075		
1	1	6	86	1758		293.15	0	0	0.022287	-0.00663841	-0.00663841	0	0	0	6.73105	1.71711e-05	1.71711e-05	0	0	0	0.745639	0.210257	0	0.535382		
1	1	6	87	1761		293.15	0	0	0.0219914	-0.00658897	-0.00658897	0	0	0	6.25026	1.7903e-05	1.7903e-05	0	0	0	0.74372	0.206988	0	0.536732		
1	1	6	88	1764		293.15	0	0	0.0216942	-0.00653927	-0.00653927	0	0	0	5.76947	1.86532e-05	1.86532e-05	0	0	0	0.741934	0.203809	0	0.538125		
1	1	6	89	1767		293.15	0	0	0.0213955	-0.00648931	-0.00648931	0	0	0	5.28869	1.94219e-05	1.94219e-05	0	0	0	0.740282	0.200719	0	0.539563		
1	1	6	90	1770		293.15	0	0	0.0210952	-0.00643909	-0.00643909	0	0	0	4.8079	2.02095e-05	2.02095e-05	0	0	0	0.738767	0.19772	0	0.541047		
1	1	6	91	1773		293.15	0	0	0.0207935	-0.00638858	-0.00638858	0	0	0	4.32711	2.10166e-05	2.10166e-05	0	0	0	0.737388	0.194813	0	0.542575		
1	1	6	92	1776		293.15	0	0	0.0204902	-0.0063378	-0.0063378	0	0	0	3.84632	2.18433e-05	2.18433e-05	0	0	0	0.736149	0.191998	0	0.544151		
1	1	6	93	1779		293.15	0	0	0.0201855	-0.00628672	-0.00628672	0	0	0	3.36554	2.26902e-05	2.26902e-05	0	0	0	0.73505	0.189276	0	0.545774		
1	1	6	94	1782		293.15	0	0	0.0198793	-0.00623535	-0.00623535	0	0	0	2.88475	2.35574e-05	2.35574e-05	0	0	0	0.734093	0.186649	0	0.547445		
1	1	6	95	1785		293.15	0	0	0.0195715	-0.00618368	-0.00618368	0	0	0	2.40396	2.44454e-05	2.44454e-05	0	0	0	0.73328	0.184115	0	0.549164		
1	1	6	96	1788		293.15	0	0	0.0192624	-0.0061317	-0.0061317	0	0	0	1.92317	2.53545e-05	2.53545e-05	0	0	0	0.732611	0.181678	0	0.550933		
1	1	6	97	1791		293.15	0	0	0.0189517	-0.00607941	-0.00607941	0	0	0	1.44239	2.62849e-05	2.62849e-05	0	0	0	0.732088	0.179336	0	0.552752		
1	1	6	98	1794		293.15	0	0	0.0186397	-0.0060268	-0.0060268	0	0	0	0.9616	2.72369e-05	2.72369e-05	0	0	0	0.731713	0.177091	0	0.554621		
1	1	6	99	1797		293.15	0	0	0.0183261	-0.00597386	-0.00597386	0	0	0	0.480813	2.78511e-05	2.78511e-05	0	0	0	0.731487	0.174944	0	0.556542		
1	1	6	100	1800		293.15	0	0	0.0180112	-0.00592059	-0.00592059	0	0	0	2.54373e-05	2.8475e-05	2.8475e-05	0	0	0	0.731411	0.172895	0	0.558516		
