1	1	1	1	1e-05		290	0	0	5.98019e-05	-4.01981e-05	-9.98184e-06	1.45214e-38	3.91594e-21	2.25402e-21	0.4	5.55112e-17	1.78336e-17	0	7.86189e-18	3.40419e-18		
1	1	1	2	2e-05		290	0	0	0.000119604	-8.03963e-05	-1.99637e-05	2.90427e-38	7.83188e-21	4.50803e-21	0.8	1.11022e-16	7.91153e-18	0	1.50668e-17	7.55133e-18		
1	1	1	3	3e-05		290	0	0	0.000179406	-0.000120594	-2.99455e-05	4.35641e-38	1.17478e-20	6.76205e-21	1.2	1.11022e-16	-2.01049e-18	0	2.29287e-17	1.09555e-17		
1	1	1	4	4e-05		290	0	0	0.000239207	-0.000160793	-3.99274e-05	5.80854e-38	1.56638e-20	9.01607e-21	1.6	1.11022e-16	-1.19325e-17	0	3.07906e-17	1.43597e-17		
1	1	1	5	5e-05		290	0	0	0.000299009	-0.000200991	-4.99092e-05	7.26068e-38	1.95797e-20	1.12701e-20	2	1.11022e-16	-2.18545e-17	0	3.86524e-17	1.77639e-17		
1	1	1	6	6e-05		290	0	0	0.000358811	-0.000241189	-5.98911e-05	8.71282e-38	2.34956e-20	1.35241e-20	2.4	0	-3.17766e-17	0	4.65143e-17	2.11681e-17		
1	1	1	7	7e-05		290	0	0	0.000418613	-0.000281387	-6.98729e-05	1.0165e-37	2.74116e-20	1.57781e-20	2.8	0	-4.16986e-17	0	5.43762e-17	2.45723e-17		
1	1	1	8	8e-05		290	0	0	0.000478415	-0.000321585	-7.98548e-05	1.16171e-37	3.13275e-20	1.80321e-20	3.2	0	-5.16206e-17	0	6.22381e-17	2.79765e-17		
1	1	1	9	9e-05		290	0	0	0.000538217	-0.000361783	-8.98366e-05	1.30692e-37	3.52435e-20	2.02862e-20	3.6	-2.22045e-16	-6.15426e-17	0	7.01e-17	3.13807e-17		
1	1	1	10	0.0001		290	0	0	0.000598019	-0.000401981	-9.98184e-05	1.45214e-37	3.91594e-20	2.25402e-20	4	-4.44089e-16	-7.14647e-17	0	7.79619e-17	3.47848e-17		
1	1	1	11	0.00011		290	0	0	0.000657821	-0.000442179	-0.0001098	1.59735e-37	4.30753e-20	2.47942e-20	4.4	0	-8.13867e-17	0	8.58238e-17	3.8189e-17		
1	1	1	12	0.00012		290	0	0	0.000717622	-0.000482378	-0.000119782	1.74256e-37	4.69913e-20	2.70482e-20	4.8	0	-9.13087e-17	0	9.36856e-17	4.15932e-17		
1	1	1	13	0.00013		290	0	0	0.000777424	-0.000522576	-0.000129764	1.88778e-37	5.09072e-20	2.93022e-20	5.2	0	-1.01231e-16	0	1.01548e-16	4.49974e-17		
1	1	1	14	0.00014		290	0	0	0.000837226	-0.000562774	-0.000139746	2.03299e-37	5.48232e-20	3.15562e-20	5.6	0	-1.11153e-16	0	1.09409e-16	4.84016e-17		
1	1	1	15	0.00015		290	0	0	0.000897028	-0.000602972	-0.000149728	2.1782e-37	5.87391e-20	3.38103e-20	6	0	-1.21075e-16	0	1.17271e-16	5.18058e-17		
1	1	1	16	0.00016		290	0	0	0.00095683	-0.00064317	-0.00015971	2.32342e-37	6.2655e-20	3.60643e-20	6.4	0	-1.30997e-16	0	1.25133e-16	5.521e-17		
1	1	1	17	0.00017		290	0	0	0.00101663	-0.000683368	-0.000169691	2.46863e-37	6.6571e-20	3.83183e-20	6.8	0	-1.40919e-16	0	1.32995e-16	5.86142e-17		
1	1	1	18	0.00018		290	0	0	0.00107643	-0.000723566	-0.000179673	2.61384e-37	7.04869e-20	4.05723e-20	7.2	-4.44089e-16	-1.50841e-16	0	1.40857e-16	6.20184e-17		
1	1	1	19	0.00019		290	0	0	0.00113624	-0.000763764	-0.000189655	2.75906e-37	7.44029e-20	4.28263e-20	7.6	-4.44089e-16	-1.60763e-16	0	1.48719e-16	6.54225e-17		
1	1	1	20	0.0002		290	0	0	0.00119604	-0.000803963	-0.000199637	2.90427e-37	7.83188e-20	4.50803e-20	8	0	-1.70685e-16	0	1.56581e-16	6.88267e-17		
1	1	1	21	0.00021		290	0	0	0.00125584	-0.000844161	-0.000209619	3.04949e-37	8.22347e-20	4.73344e-20	8.4	0	-1.80607e-16	0	1.64443e-16	7.22309e-17		
1	1	1	22	0.00022		290	0	0	0.00131564	-0.000884359	-0.000219601	3.1947e-37	8.61507e-20	4.95884e-20	8.8	0	-1.90529e-16	0	1.72305e-16	7.56351e-17		
1	1	1	23	0.00023		290	0	0	0.00137544	-0.000924557	-0.000229582	3.33991e-37	9.00666e-20	5.18424e-20	9.2	0	-2.00451e-16	0	1.80166e-16	7.90393e-17		
1	1	1	24	0.00024		290	0	0	0.00143524	-0.000964755	-0.000239564	3.48513e-37	9.39826e-20	5.40964e-20	9.6	0	-2.10373e-16	0	1.88028e-16	8.24435e-17		
1	1	1	25	0.00025		290	0	0	0.00149505	-0.00100495	-0.000249546	3.63034e-37	9.78985e-20	5.63504e-20	10	-8.88178e-16	-2.20295e-16	0	1.9589e-16	8.58477e-17		
1	1	1	26	0.00026		290	0	0	0.00155485	-0.00104515	-0.000259528	3.77555e-37	1.01814e-19	5.86045e-20	10.4	-8.88178e-16	-2.30217e-16	0	2.03752e-16	8.92519e-17		
1	1	1	27	0.00027		290	0	0	0.00161465	-0.00108535	-0.00026951	3.92077e-37	1.0573e-19	6.08585e-20	10.8	-8.88178e-16	-2.40139e-16	0	2.11614e-16	9.26561e-17		
1	1	1	28	0.00028		290	0	0	0.00167445	-0.00112555	-0.000279492	4.06598e-37	1.09646e-19	6.31125e-20	11.2	-8.88178e-16	-2.50061e-16	0	2.19476e-16	9.60602e-17		
1	1	1	29	0.00029		290	0	0	0.00173425	-0.00116575	-0.000289473	4.21119e-37	1.13562e-19	6.53665e-20	11.6	-8.88178e-16	-2.59983e-16	0	2.27338e-16	9.94644e-17		
1	1	1	30	0.0003		290	0	0	0.00179406	-0.00120594	-0.000299455	4.35641e-37	1.17478e-19	6.76205e-20	12	-8.88178e-16	-2.69905e-16	0	2.352e-16	1.02869e-16		
1	1	1	31	0.00031		290	0	0	0.00185386	-0.00124614	-0.000309437	4.50162e-37	1.21394e-19	6.98745e-20	12.4	-8.88178e-16	-2.79827e-16	0	2.43061e-16	1.06273e-16		
1	1	1	32	0.00032		290	0	0	0.00191366	-0.00128634	-0.000319419	4.64683e-37	1.2531e-19	7.21286e-20	12.8	-8.88178e-16	-2.89749e-16	0	2.50923e-16	1.09677e-16		
1	1	1	33	0.00033		290	0	0	0.00197346	-0.00132654	-0.000329401	4.79205e-37	1.29226e-19	7.43826e-20	13.2	-8.88178e-16	-2.99671e-16	0	2.58785e-16	1.13081e-16		
1	1	1	34	0.00034		290	0	0	0.00203326	-0.00136674	-0.000339383	4.93726e-37	1.33142e-19	7.66366e-20	13.6	-8.88178e-16	-3.09593e-16	0	2.66647e-16	1.16485e-16		
1	1	1	35	0.00035		290	0	0	0.00209307	-0.00140693	-0.000349365	5.08248e-37	1.37058e-19	7.88906e-20	14	-8.88178e-16	-3.19515e-16	0	2.74509e-16	1.1989e-16		
1	1	1	36	0.00036		290	0	0	0.00215287	-0.00144713	-0.000359346	5.22769e-37	1.40974e-19	8.11446e-20	14.4	-1.77636e-15	-3.29437e-16	0	2.82371e-16	1.23294e-16		
1	1	1	37	0.00037		290	0	0	0.00221267	-0.00148733	-0.000369328	5.3729e-37	1.4489e-19	8.33986e-20	14.8	-2.66454e-15	-3.39359e-16	0	2.90233e-16	1.26698e-16		
1	1	1	38	0.00038		290	0	0	0.00227247	-0.00152753	-0.00037931	5.51812e-37	1.48806e-19	8.56527e-20	15.2	-4.44089e-15	-3.49281e-16	0	2.98095e-16	1.30102e-16		
1	1	1	39	0.00039		290	0	0	0.00233227	-0.00156773	-0.000389292	5.66333e-37	1.52722e-19	8.79067e-20	15.6	-6.21725e-15	-3.59203e-16	0	3.05957e-16	1.33506e-16		
1	1	1	40	0.0004		290	0	0	0.00239207	-0.00160793	-0.000399274	5.80854e-37	1.56638e-19	9.01607e-20	16	-7.99361e-15	-3.69125e-16	0	3.13818e-16	1.36911e-16		
1	1	1	41	0.00041		290	0	0	0.00245188	-0.00164812	-0.000409256	5.95376e-37	1.60554e-19	9.24147e-20	16.4	-1.06581e-14	-3.79047e-16	0	3.2168e-16	1.40315e-16		
1	1	1	42	0.00042		290	0	0	0.00251168	-0.00168832	-0.000419237	6.09897e-37	1.64469e-19	9.46687e-20	16.8	-1.06581e-14	-3.88969e-16	0	3.29542e-16	1.43719e-16		
1	1	1	43	0.00043		290	0	0	0.00257148	-0.00172852	-0.000429219	6.24418e-37	1.68385e-19	9.69227e-20	17.2	-1.06581e-14	-3.98891e-16	0	3.37404e-16	1.47123e-16		
1	1	1	44	0.00044		290	0	0	0.00263128	-0.00176872	-0.000439201	6.3894e-37	1.72301e-19	9.91768e-20	17.6	-1.06581e-14	-4.08813e-16	0	3.45266e-16	1.50527e-16		
1	1	1	45	0.00045		290	0	0	0.00269108	-0.00180892	-0.000449183	6.53461e-37	1.76217e-19	1.01431e-19	18	-1.06581e-14	-4.18735e-16	0	3.53128e-16	1.53931e-16		
1	1	1	46	0.00046		290	0	0	0.00275089	-0.00184911	-0.000459165	6.67983e-37	1.80133e-19	1.03685e-19	18.4	-1.06581e-14	-4.28657e-16	0	3.6099e-16	1.57336e-16		
1	1	1	47	0.00047		290	0	0	0.00281069	-0.00188931	-0.000469147	6.82504e-37	1.84049e-19	1.05939e-19	18.8	-1.06581e-14	-4.3858e-16	0	3.68852e-16	1.6074e-16		
1	1	1	48	0.00048		290	0	0	0.00287049	-0.00192951	-0.000479129	6.97025e-37	1.87965e-19	1.08193e-19	19.2	-1.06581e-14	-4.48502e-16	0	3.76714e-16	1.64144e-16		
1	1	1	49	0.00049		290	0	0	0.00293029	-0.00196971	-0.00048911	7.11547e-37	1.91881e-19	1.10447e-19	19.6	-1.06581e-14	-4.58424e-16	0	3.84575e-16	1.67548e-16		
1	1	1	50	0.0005		290	0	0	0.00299009	-0.00200991	-0.000499092	7.26068e-37	1.95797e-19	1.12701e-19	20	-1.06581e-14	-4.68346e-16	0	3.92437e-16	1.70952e-16		
1	1	1	51	0.00051		290	0	0	0.0030499	-0.0020501	-0.000509074	7.40589e-37	1.99713e-19	1.14955e-19	20.4	-1.06581e-14	-4.78268e-16	0	4.00299e-16	1.74357e-16		
1	1	1	52	0.00052		290	0	0	0.0031097	-0.0020903	-0.000519056	7.55111e-37	2.03629e-19	1.17209e-19	20.8	-8.88178e-15	-4.8819e-16	0	4.08161e-16	1.77761e-16		
1	1	1	53	0.00053		290	0	0	0.0031695	-0.0021305	-0.000529038	7.69632e-37	2.07545e-19	1.19463e-19	21.2	-7.10543e-15	-4.98112e-16	0	4.16023e-16	1.81165e-16		
1	1	1	54	0.00054		290	0	0	0.0032293	-0.0021707	-0.00053902	7.84153e-37	2.11461e-19	1.21717e-19	21.6	-5.32907e-15	-5.08034e-16	0	4.23885e-16	1.84569e-16		
1	1	1	55	0.00055		290	0	0	0.0032891	-0.0022109	-0.000549001	7.98675e-37	2.15377e-19	1.23971e-19	22	-5.32907e-15	-5.17956e-16	0	4.31747e-16	1.87973e-16		
1	1	1	56	0.00056		290	0	0	0.0033489	-0.0022511	-0.000558983	8.13196e-37	2.19293e-19	1.26225e-19	22.4	-5.32907e-15	-5.27878e-16	0	4.39609e-16	1.91378e-16		
1	1	1	57	0.00057		290	0	0	0.00340871	-0.00229129	-0.000568965	8.27717e-37	2.23209e-19	1.28479e-19	22.8	-5.32907e-15	-5.378e-16	0	4.47471e-16	1.94782e-16		
1	1	1	58	0.00058		290	0	0	0.00346851	-0.00233149	-0.000578947	8.42239e-37	2.27125e-19	1.30733e-19	23.2	-5.32907e-15	-5.47722e-16	0	4.55332e-16	1.98186e-16		
1	1	1	59	0.00059		290	0	0	0.00352831	-0.00237169	-0.000588929	8.5676e-37	2.3104e-19	1.32987e-19	23.6	-5.32907e-15	-5.57644e-16	0	4.63194e-16	2.0159e-16		
1	1	1	60	0.0006		290	0	0	0.00358811	-0.00241189	-0.000598911	8.71282e-37	2.34956e-19	1.35241e-19	24	-5.32907e-15	-5.67566e-16	0	4.71056e-16	2.04994e-16		
1	1	1	61	0.00061		290	0	0	0.00364791	-0.00245209	-0.000608893	8.85803e-37	2.38872e-19	1.37495e-19	24.4	-5.32907e-15	-5.77488e-16	0	4.78918e-16	2.08398e-16		
1	1	1	62	0.00062		290	0	0	0.00370772	-0.00249228	-0.000618874	9.00324e-37	2.42788e-19	1.39749e-19	24.8	-5.32907e-15	-5.8741e-16	0	4.8678e-16	2.11803e-16		
1	1	1	63	0.00063		290	0	0	0.00376752	-0.00253248	-0.000628856	9.14846e-37	2.46704e-19	1.42003e-19	25.2	-5.32907e-15	-5.97332e-16	0	4.94642e-16	2.15207e-16		
1	1	1	64	0.00064		290	0	0	0.00382732	-0.00257268	-0.000638838	9.29367e-37	2.5062e-19	1.44257e-19	25.6	-5.32907e-15	-6.07254e-16	0	5.02504e-16	2.18611e-16		
1	1	1	65	0.00065		290	0	0	0.00388712	-0.00261288	-0.00064882	9.43888e-37	2.54536e-19	1.46511e-19	26	-5.32907e-15	-6.17176e-16	0	5.10366e-16	2.22015e-16		
1	1	1	66	0.00066		290	0	0	0.00394692	-0.00265308	-0.000658802	9.5841e-37	2.58452e-19	1.48765e-19	26.4	-5.32907e-15	-6.27098e-16	0	5.18228e-16	2.25419e-16		
1	1	1	67	0.00067		290	0	0	0.00400673	-0.00269327	-0.000668784	9.72931e-37	2.62368e-19	1.51019e-19	26.8	-5.32907e-15	-6.3702e-16	0	5.26089e-16	2.28824e-16		
1	1	1	68	0.00068		290	0	0	0.00406653	-0.00273347	-0.000678765	9.87452e-37	2.66284e-19	1.53273e-19	27.2	-5.32907e-15	-6.46942e-16	0	5.33951e-16	2.32228e-16		
1	1	1	69	0.00069		290	0	0	0.00412633	-0.00277367	-0.000688747	1.00197e-36	2.702e-19	1.55527e-19	27.6	-5.32907e-15	-6.56864e-16	0	5.41813e-16	2.35632e-16		
1	1	1	70	0.0007		290	0	0	0.00418613	-0.00281387	-0.000698729	1.0165e-36	2.74116e-19	1.57781e-19	28	-5.32907e-15	-6.66786e-16	0	5.49675e-16	2.39036e-16		
1	1	1	71	0.00071		290	0	0	0.00424593	-0.00285407	-0.000708711	1.03102e-36	2.78032e-19	1.60035e-19	28.4	-5.32907e-15	-6.76708e-16	0	5.57537e-16	2.4244e-16		
1	1	1	72	0.00072		290	0	0	0.00430573	-0.00289427	-0.000718693	1.04554e-36	2.81948e-19	1.62289e-19	28.8	-7.10543e-15	-6.8663e-16	0	5.65399e-16	2.45845e-16		
1	1	1	73	0.00073		290	0	0	0.00436554	-0.00293446	-0.000728675	1.06006e-36	2.85864e-19	1.64543e-19	29.2	-8.88178e-15	-6.96552e-16	0	5.73261e-16	2.49249e-16		
1	1	1	74	0.00074		290	0	0	0.00442534	-0.00297466	-0.000738656	1.07458e-36	2.8978e-19	1.66797e-19	29.6	-8.88178e-15	-7.06474e-16	0	5.81123e-16	2.52653e-16		
1	1	1	75	0.00075		290	0	0	0.00448514	-0.00301486	-0.000748638	1.0891e-36	2.93696e-19	1.69051e-19	30	-8.88178e-15	-7.16396e-16	0	5.88984e-16	2.56057e-16		
1	1	1	76	0.00076		290	0	0	0.00454494	-0.00305506	-0.00075862	1.10362e-36	2.97611e-19	1.71305e-19	30.4	-8.88178e-15	-7.26318e-16	0	5.96846e-16	2.59461e-16		
1	1	1	77	0.00077		290	0	0	0.00460474	-0.00309526	-0.000768602	1.11814e-36	3.01527e-19	1.73559e-19	30.8	-8.88178e-15	-7.3624e-16	0	6.04708e-16	2.62866e-16		
1	1	1	78	0.00078		290	0	0	0.00466455	-0.00313545	-0.000778584	1.13267e-36	3.05443e-19	1.75813e-19	31.2	-8.88178e-15	-7.46162e-16	0	6.1257e-16	2.6627e-16		
1	1	1	79	0.00079		290	0	0	0.00472435	-0.00317565	-0.000788566	1.14719e-36	3.09359e-19	1.78067e-19	31.6	-8.88178e-15	-7.56084e-16	0	6.20432e-16	2.69674e-16		
1	1	1	80	0.0008		290	0	0	0.00478415	-0.00321585	-0.000798548	1.16171e-36	3.13275e-19	1.80321e-19	32	-8.88178e-15	-7.66006e-16	0	6.28294e-16	2.73078e-16		
1	1	1	81	0.00081		290	0	0	0.00484395	-0.00325605	-0.000808529	1.17623e-36	3.17191e-19	1.82575e-19	32.4	-1.06581e-14	-7.75928e-16	0	6.36156e-16	2.76482e-16		
1	1	1	82	0.00082		290	0	0	0.00490375	-0.00329625	-0.000818511	1.19075e-36	3.21107e-19	1.84829e-19	32.8	-1.06581e-14	-7.8585e-16	0	6.44018e-16	2.79886e-16		
1	1	1	83	0.00083		290	0	0	0.00496356	-0.00333644	-0.000828493	1.20527e-36	3.25023e-19	1.87083e-19	33.2	-7.10543e-15	-7.95772e-16	0	6.5188e-16	2.83291e-16		
1	1	1	84	0.00084		290	0	0	0.00502336	-0.00337664	-0.000838475	1.21979e-36	3.28939e-19	1.89337e-19	33.6	-7.10543e-15	-8.05694e-16	0	6.59741e-16	2.86695e-16		
1	1	1	85	0.00085		290	0	0	0.00508316	-0.00341684	-0.000848457	1.23432e-36	3.32855e-19	1.91591e-19	34	-7.10543e-15	-8.15616e-16	0	6.67603e-16	2.90099e-16		
1	1	1	86	0.00086		290	0	0	0.00514296	-0.00345704	-0.000858439	1.24884e-36	3.36771e-19	1.93845e-19	34.4	-7.10543e-15	-8.25538e-16	0	6.75465e-16	2.93503e-16		
1	1	1	87	0.00087		290	0	0	0.00520276	-0.00349724	-0.00086842	1.26336e-36	3.40687e-19	1.961e-19	34.8	-7.10543e-15	-8.3546e-16	0	6.83327e-16	2.96907e-16		
1	1	1	88	0.00088		290	0	0	0.00526256	-0.00353744	-0.000878402	1.27788e-36	3.44603e-19	1.98354e-19	35.2	-7.10543e-15	-8.45382e-16	0	6.91189e-16	3.00312e-16		
1	1	1	89	0.00089		290	0	0	0.00532237	-0.00357763	-0.000888384	1.2924e-36	3.48519e-19	2.00608e-19	35.6	-7.10543e-15	-8.55304e-16	0	6.99051e-16	3.03716e-16		
1	1	1	90	0.0009		290	0	0	0.00538217	-0.00361783	-0.000898366	1.30692e-36	3.52435e-19	2.02862e-19	36	-7.10543e-15	-8.65227e-16	0	7.06913e-16	3.0712e-16		
1	1	1	91	0.00091		290	0	0	0.00544197	-0.00365803	-0.000908348	1.32144e-36	3.56351e-19	2.05116e-19	36.4	-7.10543e-15	-8.75149e-16	0	7.14775e-16	3.10524e-16		
1	1	1	92	0.00092		290	0	0	0.00550177	-0.00369823	-0.00091833	1.33597e-36	3.60267e-19	2.0737e-19	36.8	-7.10543e-15	-8.85071e-16	0	7.22637e-16	3.13928e-16		
1	1	1	93	0.00093		290	0	0	0.00556157	-0.00373843	-0.000928312	1.35049e-36	3.64182e-19	2.09624e-19	37.2	-7.10543e-15	-8.94993e-16	0	7.30498e-16	3.17333e-16		
1	1	1	94	0.00094		290	0	0	0.00562138	-0.00377862	-0.000938293	1.36501e-36	3.68098e-19	2.11878e-19	37.6	-7.10543e-15	-9.04915e-16	0	7.3836e-16	3.20737e-16		
1	1	1	95	0.00095		290	0	0	0.00568118	-0.00381882	-0.000948275	1.37953e-36	3.72014e-19	2.14132e-19	38	-7.10543e-15	-9.14837e-16	0	7.46222e-16	3.24141e-16		
1	1	1	96	0.00096		290	0	0	0.00574098	-0.00385902	-0.000958257	1.39405e-36	3.7593e-19	2.16386e-19	38.4	-7.10543e-15	-9.24759e-16	0	7.54084e-16	3.27545e-16		
1	1	1	97	0.00097		290	0	0	0.00580078	-0.00389922	-0.000968239	1.40857e-36	3.79846e-19	2.1864e-19	38.8	-7.10543e-15	-9.34681e-16	0	7.61946e-16	3.30949e-16		
1	1	1	98	0.00098		290	0	0	0.00586058	-0.00393942	-0.000978221	1.42309e-36	3.83762e-19	2.20894e-19	39.2	-7.10543e-15	-9.44603e-16	0	7.69808e-16	3.34353e-16		
1	1	1	99	0.00099		290	0	0	0.00592039	-0.00397961	-0.000988203	1.43761e-36	3.87678e-19	2.23148e-19	39.6	-7.10543e-15	-9.54525e-16	0	7.7767e-16	3.37758e-16		
1	1	1	100	0.001		290	0	0	0.00598019	-0.00401981	-0.000998184	1.45214e-36	3.91594e-19	2.25402e-19	40	-7.10543e-15	-9.64447e-16	0	7.85532e-16	3.41162e-16		
