0.000e+00 0.000e+00 -7.090e-05 2.380e+02
1.000e+00 5.000e-03 1.260e-04 2.420e+02
2.000e+00 1.000e-02 3.330e-04 2.450e+02
3.000e+00 1.500e-02 5.260e-04 2.490e+02
4.000e+00 2.000e-02 7.279e-04 2.528e+02
5.000e+00 2.500e-02 9.266e-04 2.564e+02
6.000e+00 3.000e-02 1.132e-03 2.598e+02
7.000e+00 3.500e-02 1.330e-03 2.632e+02
8.000e+00 4.000e-02 1.533e-03 2.665e+02
9.000e+00 4.500e-02 1.727e-03 2.697e+02
1.000e+01 5.000e-02 1.933e-03 2.730e+02
1.100e+01 5.500e-02 2.134e-03 2.761e+02
1.200e+01 6.000e-02 2.335e-03 2.791e+02
1.300e+01 6.500e-02 2.534e-03 2.821e+02
1.400e+01 7.000e-02 2.740e-03 2.850e+02
1.500e+01 7.500e-02 2.938e-03 2.880e+02
1.600e+01 8.000e-02 3.138e-03 2.906e+02
1.700e+01 8.500e-02 3.332e-03 2.935e+02
1.800e+01 9.000e-02 3.545e-03 2.962e+02
1.900e+01 9.500e-02 3.737e-03 2.988e+02
2.000e+01 1.000e-01 3.942e-03 3.014e+02
2.100e+01 1.050e-01 4.136e-03 3.039e+02
2.200e+01 1.100e-01 4.343e-03 3.068e+02
2.300e+01 1.150e-01 4.549e-03 3.090e+02
2.400e+01 1.200e-01 4.744e-03 3.114e+02
2.500e+01 1.250e-01 4.945e-03 3.140e+02
2.600e+01 1.300e-01 5.150e-03 3.163e+02
2.700e+01 1.350e-01 5.350e-03 3.186e+02
2.800e+01 1.400e-01 5.549e-03 3.210e+02
2.900e+01 1.450e-01 5.751e-03 3.232e+02
3.000e+01 1.500e-01 5.952e-03 3.255e+02
3.100e+01 1.550e-01 6.150e-03 3.277e+02
3.200e+01 1.600e-01 6.352e-03 3.300e+02
3.300e+01 1.650e-01 6.553e-03 3.321e+02
3.400e+01 1.700e-01 6.755e-03 3.343e+02
3.500e+01 1.750e-01 6.959e-03 3.364e+02
3.600e+01 1.800e-01 7.154e-03 3.384e+02
3.700e+01 1.850e-01 7.357e-03 3.405e+02
3.800e+01 1.900e-01 7.556e-03 3.426e+02
3.900e+01 1.950e-01 7.760e-03 3.447e+02
4.000e+01 2.000e-01 7.962e-03 3.467e+02
4.100e+01 2.050e-01 8.162e-03 3.484e+02
4.200e+01 2.100e-01 8.359e-03 3.505e+02
4.300e+01 2.150e-01 8.567e-03 3.524e+02
4.400e+01 2.200e-01 8.759e-03 3.543e+02
4.500e+01 2.250e-01 8.965e-03 3.563e+02
4.600e+01 2.300e-01 9.171e-03 3.580e+02
4.700e+01 2.350e-01 9.368e-03 3.597e+02
4.800e+01 2.400e-01 9.567e-03 3.615e+02
4.900e+01 2.450e-01 9.770e-03 3.634e+02
5.000e+01 2.500e-01 9.963e-03 3.641e+02
5.100e+01 2.550e-01 9.958e-03 3.473e+02
5.200e+01 2.600e-01 9.779e-03 3.179e+02
5.300e+01 2.650e-01 9.587e-03 2.880e+02
5.400e+01 2.700e-01 9.386e-03 2.592e+02
5.500e+01 2.750e-01 9.198e-03 2.313e+02
5.600e+01 2.800e-01 9.002e-03 2.035e+02
5.700e+01 2.850e-01 8.811e-03 1.760e+02
5.800e+01 2.900e-01 8.615e-03 1.491e+02
5.900e+01 2.950e-01 8.422e-03 1.227e+02
6.000e+01 3.000e-01 8.228e-03 9.725e+01
6.100e+01 3.050e-01 8.040e-03 7.304e+01
6.200e+01 3.100e-01 7.845e-03 5.018e+01
6.300e+01 3.150e-01 7.658e-03 2.895e+01
6.400e+01 3.200e-01 7.463e-03 9.117e+00
6.500e+01 3.250e-01 7.272e-03 -9.517e+00
6.600e+01 3.300e-01 7.075e-03 -2.657e+01
6.700e+01 3.350e-01 6.905e-03 -3.946e+01
6.800e+01 3.400e-01 6.742e-03 -5.285e+01
6.900e+01 3.450e-01 6.546e-03 -6.653e+01
7.000e+01 3.500e-01 6.346e-03 -7.940e+01
7.100e+01 3.550e-01 6.126e-03 -9.262e+01
7.200e+01 3.600e-01 5.910e-03 -1.041e+02
7.300e+01 3.650e-01 5.677e-03 -1.159e+02
7.400e+01 3.700e-01 5.433e-03 -1.269e+02
7.500e+01 3.750e-01 5.204e-03 -1.361e+02
7.600e+01 3.800e-01 4.997e-03 -1.442e+02
7.700e+01 3.850e-01 4.791e-03 -1.516e+02
7.800e+01 3.900e-01 4.590e-03 -1.586e+02
7.900e+01 3.950e-01 4.387e-03 -1.649e+02
8.000e+01 4.000e-01 4.184e-03 -1.710e+02
8.100e+01 4.050e-01 3.983e-03 -1.767e+02
8.200e+01 4.100e-01 3.784e-03 -1.823e+02
8.300e+01 4.150e-01 3.580e-03 -1.873e+02
8.400e+01 4.200e-01 3.381e-03 -1.925e+02
8.500e+01 4.250e-01 3.179e-03 -1.971e+02
8.600e+01 4.300e-01 2.979e-03 -2.017e+02
8.700e+01 4.350e-01 2.775e-03 -2.059e+02
8.800e+01 4.400e-01 2.575e-03 -2.100e+02
8.900e+01 4.450e-01 2.369e-03 -2.140e+02
9.000e+01 4.500e-01 2.174e-03 -2.177e+02
9.100e+01 4.550e-01 1.967e-03 -2.215e+02
9.200e+01 4.600e-01 1.768e-03 -2.248e+02
9.300e+01 4.650e-01 1.568e-03 -2.281e+02
9.400e+01 4.700e-01 1.366e-03 -2.313e+02
9.500e+01 4.750e-01 1.164e-03 -2.344e+02
9.600e+01 4.800e-01 9.631e-04 -2.373e+02
9.700e+01 4.850e-01 7.598e-04 -2.401e+02
9.800e+01 4.900e-01 5.588e-04 -2.429e+02
9.900e+01 4.950e-01 3.567e-04 -2.454e+02
1.000e+02 5.000e-01 1.610e-04 -2.480e+02
1.010e+02 5.050e-01 -4.580e-05 -2.510e+02
1.020e+02 5.100e-01 -2.510e-04 -2.530e+02
1.030e+02 5.150e-01 -4.730e-04 -2.540e+02
1.040e+02 5.200e-01 -6.533e-04 -2.561e+02
1.050e+02 5.250e-01 -8.338e-04 -2.588e+02
1.060e+02 5.300e-01 -1.036e-03 -2.627e+02
1.070e+02 5.350e-01 -1.266e-03 -2.643e+02
1.080e+02 5.400e-01 -1.442e-03 -2.665e+02
1.090e+02 5.450e-01 -1.663e-03 -2.691e+02
1.100e+02 5.500e-01 -1.853e-03 -2.710e+02
1.110e+02 5.550e-01 -2.054e-03 -2.733e+02
1.120e+02 5.600e-01 -2.259e-03 -2.756e+02
1.130e+02 5.650e-01 -2.461e-03 -2.775e+02
1.140e+02 5.700e-01 -2.659e-03 -2.795e+02
1.150e+02 5.750e-01 -2.862e-03 -2.816e+02
1.160e+02 5.800e-01 -3.061e-03 -2.835e+02
1.170e+02 5.850e-01 -3.257e-03 -2.856e+02
1.180e+02 5.900e-01 -3.458e-03 -2.879e+02
1.190e+02 5.950e-01 -3.656e-03 -2.900e+02
1.200e+02 6.000e-01 -3.869e-03 -2.920e+02
1.210e+02 6.050e-01 -4.064e-03 -2.936e+02
1.220e+02 6.100e-01 -4.268e-03 -2.958e+02
1.230e+02 6.150e-01 -4.478e-03 -2.974e+02
1.240e+02 6.200e-01 -4.672e-03 -2.991e+02
1.250e+02 6.250e-01 -4.881e-03 -3.010e+02
1.260e+02 6.300e-01 -5.070e-03 -3.029e+02
1.270e+02 6.350e-01 -5.275e-03 -3.048e+02
1.280e+02 6.400e-01 -5.476e-03 -3.065e+02
1.290e+02 6.450e-01 -5.679e-03 -3.083e+02
1.300e+02 6.500e-01 -5.881e-03 -3.099e+02
1.310e+02 6.550e-01 -6.082e-03 -3.117e+02
1.320e+02 6.600e-01 -6.282e-03 -3.133e+02
1.330e+02 6.650e-01 -6.482e-03 -3.150e+02
1.340e+02 6.700e-01 -6.687e-03 -3.166e+02
1.350e+02 6.750e-01 -6.887e-03 -3.182e+02
1.360e+02 6.800e-01 -7.090e-03 -3.199e+02
1.370e+02 6.850e-01 -7.290e-03 -3.213e+02
1.380e+02 6.900e-01 -7.495e-03 -3.228e+02
1.390e+02 6.950e-01 -7.697e-03 -3.243e+02
1.400e+02 7.000e-01 -7.895e-03 -3.255e+02
1.410e+02 7.050e-01 -8.104e-03 -3.271e+02
1.420e+02 7.100e-01 -8.306e-03 -3.281e+02
1.430e+02 7.150e-01 -8.502e-03 -3.295e+02
1.440e+02 7.200e-01 -8.711e-03 -3.307e+02
1.450e+02 7.250e-01 -8.908e-03 -3.319e+02
1.460e+02 7.300e-01 -9.117e-03 -3.331e+02
1.470e+02 7.350e-01 -9.310e-03 -3.341e+02
1.480e+02 7.400e-01 -9.518e-03 -3.355e+02
1.490e+02 7.450e-01 -9.719e-03 -3.364e+02
1.500e+02 7.500e-01 -9.925e-03 -3.374e+02
1.510e+02 7.550e-01 -9.932e-03 -3.266e+02
1.520e+02 7.600e-01 -9.694e-03 -3.090e+02
1.530e+02 7.650e-01 -9.514e-03 -2.935e+02
1.540e+02 7.700e-01 -9.330e-03 -2.767e+02
1.550e+02 7.750e-01 -9.136e-03 -2.592e+02
1.560e+02 7.800e-01 -8.945e-03 -2.420e+02
1.570e+02 7.850e-01 -8.755e-03 -2.244e+02
1.580e+02 7.900e-01 -8.566e-03 -2.061e+02
1.590e+02 7.950e-01 -8.376e-03 -1.878e+02
1.600e+02 8.000e-01 -8.206e-03 -1.684e+02
1.610e+02 8.050e-01 -8.016e-03 -1.457e+02
1.620e+02 8.100e-01 -7.818e-03 -1.237e+02
1.630e+02 8.150e-01 -7.621e-03 -1.028e+02
1.640e+02 8.200e-01 -7.428e-03 -8.313e+01
1.650e+02 8.250e-01 -7.235e-03 -6.428e+01
1.660e+02 8.300e-01 -7.034e-03 -4.603e+01
1.670e+02 8.350e-01 -6.843e-03 -2.950e+01
1.680e+02 8.400e-01 -6.644e-03 -1.359e+01
1.690e+02 8.450e-01 -6.447e-03 1.322e+00
1.700e+02 8.500e-01 -6.255e-03 1.516e+01
1.710e+02 8.550e-01 -6.061e-03 2.834e+01
1.720e+02 8.600e-01 -5.869e-03 4.050e+01
1.730e+02 8.650e-01 -5.716e-03 4.884e+01
1.740e+02 8.700e-01 -5.559e-03 5.881e+01
1.750e+02 8.750e-01 -5.360e-03 7.002e+01
1.760e+02 8.800e-01 -5.148e-03 8.135e+01
1.770e+02 8.850e-01 -4.948e-03 9.151e+01
1.780e+02 8.900e-01 -4.718e-03 1.015e+02
1.790e+02 8.950e-01 -4.497e-03 1.112e+02
1.800e+02 9.000e-01 -4.260e-03 1.208e+02
1.810e+02 9.050e-01 -4.032e-03 1.293e+02
1.820e+02 9.100e-01 -3.822e-03 1.367e+02
1.830e+02 9.150e-01 -3.625e-03 1.438e+02
1.840e+02 9.200e-01 -3.420e-03 1.507e+02
1.850e+02 9.250e-01 -3.221e-03 1.573e+02
1.860e+02 9.300e-01 -3.025e-03 1.633e+02
1.870e+02 9.350e-01 -2.824e-03 1.695e+02
1.880e+02 9.400e-01 -2.622e-03 1.752e+02
1.890e+02 9.450e-01 -2.429e-03 1.808e+02
1.900e+02 9.500e-01 -2.227e-03 1.865e+02
1.910e+02 9.550e-01 -2.033e-03 1.919e+02
1.920e+02 9.600e-01 -1.832e-03 1.973e+02
1.930e+02 9.650e-01 -1.634e-03 2.026e+02
1.940e+02 9.700e-01 -1.432e-03 2.074e+02
1.950e+02 9.750e-01 -1.236e-03 2.125e+02
1.960e+02 9.800e-01 -1.033e-03 2.173e+02
1.970e+02 9.850e-01 -8.346e-04 2.220e+02
1.980e+02 9.900e-01 -6.298e-04 2.267e+02
1.990e+02 9.950e-01 -4.290e-04 2.308e+02
2.000e+02 1.000e+00 -2.280e-04 2.350e+02
