0.000e+00 0.000e+00 -2.260e-04 3.370e+02
1.000e+00 5.000e-03 7.590e-05 3.400e+02
2.000e+00 1.000e-02 3.750e-04 3.440e+02
3.000e+00 1.500e-02 6.860e-04 3.470e+02
4.000e+00 2.000e-02 9.773e-04 3.495e+02
5.000e+00 2.500e-02 1.287e-03 3.524e+02
6.000e+00 3.000e-02 1.587e-03 3.551e+02
7.000e+00 3.500e-02 1.890e-03 3.574e+02
8.000e+00 4.000e-02 2.188e-03 3.600e+02
9.000e+00 4.500e-02 2.487e-03 3.626e+02
1.000e+01 5.000e-02 2.791e-03 3.650e+02
1.100e+01 5.500e-02 3.092e-03 3.675e+02
1.200e+01 6.000e-02 3.389e-03 3.699e+02
1.300e+01 6.500e-02 3.702e-03 3.723e+02
1.400e+01 7.000e-02 4.009e-03 3.742e+02
1.500e+01 7.500e-02 4.306e-03 3.759e+02
1.600e+01 8.000e-02 4.593e-03 3.786e+02
1.700e+01 8.500e-02 4.904e-03 3.805e+02
1.800e+01 9.000e-02 5.205e-03 3.826e+02
1.900e+01 9.500e-02 5.506e-03 3.845e+02
2.000e+01 1.000e-01 5.804e-03 3.866e+02
2.100e+01 1.050e-01 6.106e-03 3.885e+02
2.200e+01 1.100e-01 6.405e-03 3.907e+02
2.300e+01 1.150e-01 6.708e-03 3.925e+02
2.400e+01 1.200e-01 7.008e-03 3.945e+02
2.500e+01 1.250e-01 7.310e-03 3.964e+02
2.600e+01 1.300e-01 7.610e-03 3.983e+02
2.700e+01 1.350e-01 7.912e-03 4.004e+02
2.800e+01 1.400e-01 8.214e-03 4.022e+02
2.900e+01 1.450e-01 8.517e-03 4.039e+02
3.000e+01 1.500e-01 8.810e-03 4.059e+02
3.100e+01 1.550e-01 9.120e-03 4.078e+02
3.200e+01 1.600e-01 9.419e-03 4.095e+02
3.300e+01 1.650e-01 9.717e-03 4.114e+02
3.400e+01 1.700e-01 1.002e-02 4.132e+02
3.500e+01 1.750e-01 1.032e-02 4.150e+02
3.600e+01 1.800e-01 1.062e-02 4.166e+02
3.700e+01 1.850e-01 1.092e-02 4.186e+02
3.800e+01 1.900e-01 1.122e-02 4.203e+02
3.900e+01 1.950e-01 1.153e-02 4.220e+02
4.000e+01 2.000e-01 1.182e-02 4.239e+02
4.100e+01 2.050e-01 1.213e-02 4.256e+02
4.200e+01 2.100e-01 1.243e-02 4.273e+02
4.300e+01 2.150e-01 1.273e-02 4.291e+02
4.400e+01 2.200e-01 1.303e-02 4.308e+02
4.500e+01 2.250e-01 1.333e-02 4.324e+02
4.600e+01 2.300e-01 1.364e-02 4.341e+02
4.700e+01 2.350e-01 1.394e-02 4.358e+02
4.800e+01 2.400e-01 1.424e-02 4.375e+02
4.900e+01 2.450e-01 1.454e-02 4.390e+02
5.000e+01 2.500e-01 1.484e-02 4.408e+02
5.100e+01 2.550e-01 1.499e-02 4.285e+02
5.200e+01 2.600e-01 1.480e-02 3.869e+02
5.300e+01 2.650e-01 1.454e-02 3.354e+02
5.400e+01 2.700e-01 1.426e-02 2.840e+02
5.500e+01 2.750e-01 1.397e-02 2.332e+02
5.600e+01 2.800e-01 1.369e-02 1.830e+02
5.700e+01 2.850e-01 1.339e-02 1.339e+02
5.800e+01 2.900e-01 1.310e-02 8.728e+01
5.900e+01 2.950e-01 1.281e-02 4.410e+01
6.000e+01 3.000e-01 1.252e-02 4.507e+00
6.100e+01 3.050e-01 1.222e-02 -3.084e+01
6.200e+01 3.100e-01 1.194e-02 -6.019e+01
6.300e+01 3.150e-01 1.170e-02 -8.272e+01
6.400e+01 3.200e-01 1.141e-02 -1.076e+02
6.500e+01 3.250e-01 1.110e-02 -1.302e+02
6.600e+01 3.300e-01 1.075e-02 -1.522e+02
6.700e+01 3.350e-01 1.041e-02 -1.712e+02
6.800e+01 3.400e-01 1.002e-02 -1.893e+02
6.900e+01 3.450e-01 9.685e-03 -2.021e+02
7.000e+01 3.500e-01 9.388e-03 -2.131e+02
7.100e+01 3.550e-01 9.080e-03 -2.233e+02
7.200e+01 3.600e-01 8.781e-03 -2.322e+02
7.300e+01 3.650e-01 8.472e-03 -2.407e+02
7.400e+01 3.700e-01 8.175e-03 -2.480e+02
7.500e+01 3.750e-01 7.870e-03 -2.552e+02
7.600e+01 3.800e-01 7.568e-03 -2.616e+02
7.700e+01 3.850e-01 7.264e-03 -2.675e+02
7.800e+01 3.900e-01 6.960e-03 -2.731e+02
7.900e+01 3.950e-01 6.658e-03 -2.781e+02
8.000e+01 4.000e-01 6.355e-03 -2.831e+02
8.100e+01 4.050e-01 6.051e-03 -2.875e+02
8.200e+01 4.100e-01 5.748e-03 -2.917e+02
8.300e+01 4.150e-01 5.443e-03 -2.957e+02
8.400e+01 4.200e-01 5.145e-03 -2.993e+02
8.500e+01 4.250e-01 4.839e-03 -3.029e+02
8.600e+01 4.300e-01 4.541e-03 -3.064e+02
8.700e+01 4.350e-01 4.240e-03 -3.096e+02
8.800e+01 4.400e-01 3.938e-03 -3.128e+02
8.900e+01 4.450e-01 3.639e-03 -3.162e+02
9.000e+01 4.500e-01 3.330e-03 -3.190e+02
9.100e+01 4.550e-01 3.035e-03 -3.221e+02
9.200e+01 4.600e-01 2.733e-03 -3.250e+02
9.300e+01 4.650e-01 2.429e-03 -3.278e+02
9.400e+01 4.700e-01 2.129e-03 -3.307e+02
9.500e+01 4.750e-01 1.827e-03 -3.332e+02
9.600e+01 4.800e-01 1.526e-03 -3.359e+02
9.700e+01 4.850e-01 1.226e-03 -3.386e+02
9.800e+01 4.900e-01 9.201e-04 -3.412e+02
9.900e+01 4.950e-01 6.221e-04 -3.437e+02
1.000e+02 5.000e-01 3.210e-04 -3.460e+02
1.010e+02 5.050e-01 2.300e-05 -3.490e+02
1.020e+02 5.100e-01 -2.850e-04 -3.510e+02
1.030e+02 5.150e-01 -5.820e-04 -3.530e+02
1.040e+02 5.200e-01 -8.862e-04 -3.557e+02
1.050e+02 5.250e-01 -1.187e-03 -3.579e+02
1.060e+02 5.300e-01 -1.488e-03 -3.603e+02
1.070e+02 5.350e-01 -1.788e-03 -3.622e+02
1.080e+02 5.400e-01 -2.088e-03 -3.647e+02
1.090e+02 5.450e-01 -2.397e-03 -3.665e+02
1.100e+02 5.500e-01 -2.687e-03 -3.688e+02
1.110e+02 5.550e-01 -2.994e-03 -3.709e+02
1.120e+02 5.600e-01 -3.294e-03 -3.728e+02
1.130e+02 5.650e-01 -3.592e-03 -3.751e+02
1.140e+02 5.700e-01 -3.897e-03 -3.770e+02
1.150e+02 5.750e-01 -4.195e-03 -3.790e+02
1.160e+02 5.800e-01 -4.503e-03 -3.811e+02
1.170e+02 5.850e-01 -4.801e-03 -3.832e+02
1.180e+02 5.900e-01 -5.103e-03 -3.851e+02
1.190e+02 5.950e-01 -5.403e-03 -3.873e+02
1.200e+02 6.000e-01 -5.709e-03 -3.893e+02
1.210e+02 6.050e-01 -6.006e-03 -3.911e+02
1.220e+02 6.100e-01 -6.310e-03 -3.932e+02
1.230e+02 6.150e-01 -6.614e-03 -3.950e+02
1.240e+02 6.200e-01 -6.908e-03 -3.971e+02
1.250e+02 6.250e-01 -7.212e-03 -3.988e+02
1.260e+02 6.300e-01 -7.516e-03 -4.008e+02
1.270e+02 6.350e-01 -7.817e-03 -4.026e+02
1.280e+02 6.400e-01 -8.119e-03 -4.043e+02
1.290e+02 6.450e-01 -8.420e-03 -4.062e+02
1.300e+02 6.500e-01 -8.722e-03 -4.079e+02
1.310e+02 6.550e-01 -9.023e-03 -4.098e+02
1.320e+02 6.600e-01 -9.324e-03 -4.117e+02
1.330e+02 6.650e-01 -9.627e-03 -4.135e+02
1.340e+02 6.700e-01 -9.920e-03 -4.155e+02
1.350e+02 6.750e-01 -1.022e-02 -4.174e+02
1.360e+02 6.800e-01 -1.053e-02 -4.194e+02
1.370e+02 6.850e-01 -1.082e-02 -4.213e+02
1.380e+02 6.900e-01 -1.113e-02 -4.232e+02
1.390e+02 6.950e-01 -1.143e-02 -4.252e+02
1.400e+02 7.000e-01 -1.173e-02 -4.270e+02
1.410e+02 7.050e-01 -1.203e-02 -4.289e+02
1.420e+02 7.100e-01 -1.233e-02 -4.311e+02
1.430e+02 7.150e-01 -1.263e-02 -4.327e+02
1.440e+02 7.200e-01 -1.293e-02 -4.347e+02
1.450e+02 7.250e-01 -1.323e-02 -4.368e+02
1.460e+02 7.300e-01 -1.353e-02 -4.387e+02
1.470e+02 7.350e-01 -1.383e-02 -4.408e+02
1.480e+02 7.400e-01 -1.413e-02 -4.429e+02
1.490e+02 7.450e-01 -1.443e-02 -4.449e+02
1.500e+02 7.500e-01 -1.473e-02 -4.470e+02
1.510e+02 7.550e-01 -1.499e-02 -4.438e+02
1.520e+02 7.600e-01 -1.484e-02 -4.024e+02
1.530e+02 7.650e-01 -1.453e-02 -3.473e+02
1.540e+02 7.700e-01 -1.423e-02 -2.994e+02
1.550e+02 7.750e-01 -1.395e-02 -2.550e+02
1.560e+02 7.800e-01 -1.367e-02 -2.119e+02
1.570e+02 7.850e-01 -1.339e-02 -1.701e+02
1.580e+02 7.900e-01 -1.310e-02 -1.302e+02
1.590e+02 7.950e-01 -1.281e-02 -9.251e+01
1.600e+02 8.000e-01 -1.252e-02 -5.762e+01
1.610e+02 8.050e-01 -1.223e-02 -2.620e+01
1.620e+02 8.100e-01 -1.193e-02 2.156e+00
1.630e+02 8.150e-01 -1.164e-02 2.726e+01
1.640e+02 8.200e-01 -1.134e-02 4.964e+01
1.650e+02 8.250e-01 -1.108e-02 6.694e+01
1.660e+02 8.300e-01 -1.085e-02 8.257e+01
1.670e+02 8.350e-01 -1.056e-02 9.965e+01
1.680e+02 8.400e-01 -1.025e-02 1.159e+02
1.690e+02 8.450e-01 -9.935e-03 1.314e+02
1.700e+02 8.500e-01 -9.572e-03 1.470e+02
1.710e+02 8.550e-01 -9.227e-03 1.608e+02
1.720e+02 8.600e-01 -8.873e-03 1.733e+02
1.730e+02 8.650e-01 -8.562e-03 1.835e+02
1.740e+02 8.700e-01 -8.262e-03 1.930e+02
1.750e+02 8.750e-01 -7.967e-03 2.019e+02
1.760e+02 8.800e-01 -7.660e-03 2.105e+02
1.770e+02 8.850e-01 -7.364e-03 2.183e+02
1.780e+02 8.900e-01 -7.066e-03 2.259e+02
1.790e+02 8.950e-01 -6.767e-03 2.331e+02
1.800e+02 9.000e-01 -6.463e-03 2.401e+02
1.810e+02 9.050e-01 -6.164e-03 2.467e+02
1.820e+02 9.100e-01 -5.858e-03 2.529e+02
1.830e+02 9.150e-01 -5.566e-03 2.588e+02
1.840e+02 9.200e-01 -5.263e-03 2.649e+02
1.850e+02 9.250e-01 -4.960e-03 2.702e+02
1.860e+02 9.300e-01 -4.665e-03 2.756e+02
1.870e+02 9.350e-01 -4.368e-03 2.806e+02
1.880e+02 9.400e-01 -4.064e-03 2.857e+02
1.890e+02 9.450e-01 -3.767e-03 2.905e+02
1.900e+02 9.500e-01 -3.465e-03 2.950e+02
1.910e+02 9.550e-01 -3.163e-03 2.997e+02
1.920e+02 9.600e-01 -2.869e-03 3.039e+02
1.930e+02 9.650e-01 -2.565e-03 3.082e+02
1.940e+02 9.700e-01 -2.263e-03 3.122e+02
1.950e+02 9.750e-01 -1.967e-03 3.161e+02
1.960e+02 9.800e-01 -1.666e-03 3.201e+02
1.970e+02 9.850e-01 -1.365e-03 3.237e+02
1.980e+02 9.900e-01 -1.064e-03 3.274e+02
1.990e+02 9.950e-01 -7.638e-04 3.309e+02
2.000e+02 1.000e+00 -4.600e-04 3.340e+02
