1	1	1	1	0.01		290	0	0	0.0002	-4e-05	-4e-05	0	0	0	140	2.1883e-15	1.64779e-15	0	0	0	0.014	0.014	0	0		
1	1	1	2	0.02		290	0	0	0.0004	-8e-05	-8e-05	0	0	0	280	4.37661e-15	3.29557e-15	0	0	0	0.056	0.056	0	0		
1	1	1	3	0.03		290	0	0	0.0006	-0.00012	-0.00012	0	0	0	420	-7.18719e-15	-1.45379e-14	0	0	0	0.126	0.126	0	0		
1	1	1	4	0.04		290	0	0	0.0008	-0.00016	-0.00016	0	0	0	560	8.75321e-15	6.59115e-15	0	0	0	0.224	0.224	0	0		
1	1	1	5	0.05		290	0	0	0.001	-0.0002	-0.0002	0	0	0	700	-1.79389e-14	-1.49123e-14	0	0	0	0.35	0.35	0	0		
1	1	1	6	0.06		290	0	0	0.0012	-0.00024	-0.00024	0	0	0	840	1.22123e-14	2.04276e-14	0	0	0	0.504	0.504	0	0		
1	1	1	7	0.07		290	0	0	0.0014	-0.00028	-0.00028	0	0	0	980	-1.26448e-14	-2.21576e-14	0	0	0	0.686	0.686	0	0		
1	1	1	8	0.08		290	0	0	0.0016	-0.00032	-0.00032	0	0	0	1120	1.75064e-14	1.31823e-14	0	0	0	0.896	0.896	0	0		
1	1	1	9	0.09		290	0	0	0.0018	-0.00036	-0.00036	0	0	0	1260	4.05523e-14	4.85222e-14	0	0	0	1.134	1.134	0	0		
1	1	1	10	0.1		290	0	0	0.002	-0.0004	-0.0004	0	0	0	1400	7.7809e-14	8.38621e-14	0	0	0	1.4	1.4	0	0		
1	1	1	11	0.11		290	0	0	0.0022	-0.00044	-0.00044	0	0	0	1540	1.00855e-13	1.19202e-13	0	0	0	1.694	1.694	0	0		
1	1	1	12	0.12		290	0	0	0.0024	-0.00048	-0.00048	0	0	0	1680	1.38111e-13	1.54542e-13	0	0	0	2.016	2.016	0	0		
1	1	1	13	0.13		290	0	0	0.0026	-0.00052	-0.00052	0	0	0	1820	5.11405e-14	3.40317e-14	0	0	0	2.366	2.366	0	0		
1	1	1	14	0.14		290	0	0	0.0028	-0.00056	-0.00056	0	0	0	1960	8.83972e-14	6.93716e-14	0	0	0	2.744	2.744	0	0		
1	1	1	15	0.15		290	0	0	0.003	-0.0006	-0.0006	0	0	0	2100	1.11443e-13	1.04712e-13	0	0	0	3.15	3.15	0	0		
1	1	1	16	0.16		290	0	0	0.0032	-0.00064	-0.00064	0	0	0	2240	1.487e-13	1.40051e-13	0	0	0	3.584	3.584	0	0		
1	1	1	17	0.17		290	0	0	0.0034	-0.00068	-0.00068	0	0	0	2380	1.71746e-13	2.32235e-13	0	0	0	4.046	4.046	0	0		
1	1	1	18	0.18		290	0	0	0.0036	-0.00072	-0.00072	0	0	0	2520	1.94791e-13	2.10731e-13	0	0	0	4.536	4.536	0	0		
1	1	1	19	0.19		290	0	0	0.0038	-0.00076	-0.00076	0	0	0	2660	2.46259e-13	1.89228e-13	0	0	0	5.054	5.054	0	0		
1	1	1	20	0.2		290	0	0	0.004	-0.0008	-0.0008	0	0	0	2800	1.55618e-13	1.67724e-13	0	0	0	5.6	5.6	0	0		
1	1	1	21	0.21		290	0	0	0.0042	-0.00084	-0.00084	0	0	0	2940	6.49769e-14	3.25339e-14	0	0	0	6.174	6.174	0	0		
1	1	1	22	0.22		290	0	0	0.0044	-0.00088	-0.00088	0	0	0	3080	-2.56641e-14	1.10305e-14	0	0	0	6.776	6.776	0	0		
1	1	1	23	0.23		290	0	0	0.0046	-0.00092	-0.00092	0	0	0	3220	-8.78834e-14	-1.2416e-13	0	0	0	7.406	7.406	0	0		
1	1	1	24	0.24		290	0	0	0.0048	-0.00096	-0.00096	0	0	0	3360	-6.48376e-14	-3.19765e-14	0	0	0	8.064	8.064	0	0		
1	1	1	25	0.25		290	0	0	0.005	-0.001	-0.001	0	0	0	3500	-1.55479e-13	-1.67167e-13	0	0	0	8.75	8.75	0	0		
1	1	1	26	0.26		290	0	0	0.0052	-0.00104	-0.00104	0	0	0	3640	-3.52466e-13	-3.86684e-13	0	0	0	9.464	9.464	0	0		
1	1	1	27	0.27		290	0	0	0.0054	-0.00108	-0.00108	0	0	0	3780	-4.07346e-13	-3.78828e-13	0	0	0	10.206	10.206	0	0		
1	1	1	28	0.28		290	0	0	0.0056	-0.00112	-0.00112	0	0	0	3920	-7.1802e-13	-7.12032e-13	0	0	0	10.976	10.976	0	0		
1	1	1	29	0.29		290	0	0	0.0058	-0.00116	-0.00116	0	0	0	4060	-8.01321e-13	-8.17862e-13	0	0	0	11.774	11.774	0	0		
1	1	1	30	0.3		290	0	0	0.006	-0.0012	-0.0012	0	0	0	4200	-1.08357e-12	-1.15107e-12	0	0	0	12.6	12.6	0	0		
1	1	1	31	0.31		290	0	0	0.0062	-0.00124	-0.00124	0	0	0	4340	-1.16688e-12	-1.14321e-12	0	0	0	13.454	13.454	0	0		
1	1	1	32	0.32		290	0	0	0.0064	-0.00128	-0.00128	0	0	0	4480	-1.25018e-12	-1.24904e-12	0	0	0	14.336	14.336	0	0		
1	1	1	33	0.33		290	0	0	0.0066	-0.00132	-0.00132	0	0	0	4620	-1.56085e-12	-1.46856e-12	0	0	0	15.246	15.246	0	0		
1	1	1	34	0.34		290	0	0	0.0068	-0.00136	-0.00136	0	0	0	4760	-1.64415e-12	-1.57439e-12	0	0	0	16.184	16.184	0	0		
1	1	1	35	0.35		290	0	0	0.007	-0.0014	-0.0014	0	0	0	4900	-1.95483e-12	-1.90759e-12	0	0	0	17.15	17.15	0	0		
1	1	1	36	0.36		290	0	0	0.0072	-0.00144	-0.00144	0	0	0	5040	-1.98128e-12	-2.01342e-12	0	0	0	18.144	18.144	0	0		
1	1	1	37	0.37		290	0	0	0.0074	-0.00148	-0.00148	0	0	0	5180	-2.06459e-12	-2.11925e-12	0	0	0	19.166	19.166	0	0		
1	1	1	38	0.38		290	0	0	0.0076	-0.00152	-0.00152	0	0	0	5320	-2.37526e-12	-2.45246e-12	0	0	0	20.216	20.216	0	0		
1	1	1	39	0.39		290	0	0	0.0078	-0.00156	-0.00156	0	0	0	5460	-2.45856e-12	-2.55829e-12	0	0	0	21.294	21.294	0	0		
1	1	1	40	0.4		290	0	0	0.008	-0.0016	-0.0016	0	0	0	5600	-2.54186e-12	-2.43674e-12	0	0	0	22.4	22.4	0	0		
1	1	1	41	0.41		290	0	0	0.0082	-0.00164	-0.00164	0	0	0	5740	-2.62516e-12	-2.54257e-12	0	0	0	23.534	23.534	0	0		
1	1	1	42	0.42		290	0	0	0.0084	-0.00168	-0.00168	0	0	0	5880	-2.48109e-12	-2.42103e-12	0	0	0	24.696	24.696	0	0		
1	1	1	43	0.43		290	0	0	0.0086	-0.00172	-0.00172	0	0	0	6020	-2.50755e-12	-2.52686e-12	0	0	0	25.886	25.886	0	0		
1	1	1	44	0.44		290	0	0	0.0088	-0.00176	-0.00176	0	0	0	6160	-2.59085e-12	-2.63269e-12	0	0	0	27.104	27.104	0	0		
1	1	1	45	0.45		290	0	0	0.009	-0.0018	-0.0018	0	0	0	6300	-2.44678e-12	-2.51115e-12	0	0	0	28.35	28.35	0	0		
1	1	1	46	0.46		290	0	0	0.0092	-0.00184	-0.00184	0	0	0	6440	-2.53008e-12	-2.61698e-12	0	0	0	29.624	29.624	0	0		
1	1	1	47	0.47		290	0	0	0.0094	-0.00188	-0.00188	0	0	0	6580	-2.61338e-12	-2.49543e-12	0	0	0	30.926	30.926	0	0		
1	1	1	48	0.48		290	0	0	0.0096	-0.00192	-0.00192	0	0	0	6720	-2.46931e-12	-2.37389e-12	0	0	0	32.256	32.256	0	0		
1	1	1	49	0.49		290	0	0	0.0098	-0.00196	-0.00196	0	0	0	6860	-2.55261e-12	-2.47972e-12	0	0	0	33.614	33.614	0	0		
1	1	1	50	0.5		290	0	0	0.01	-0.002	-0.002	0	0	0	7000	-2.57906e-12	-2.58555e-12	0	0	0	35	35	0	0		
1	1	1	51	0.51		290	0	0	0.0102	-0.00204	-0.00204	0	0	0	7140	-2.43499e-12	-2.46401e-12	0	0	0	36.414	36.414	0	0		
1	1	1	52	0.52		290	0	0	0.0104	-0.00208	-0.00208	0	0	0	7280	-2.51829e-12	-2.56984e-12	0	0	0	37.856	37.856	0	0		
1	1	1	53	0.53		290	0	0	0.0106	-0.00212	-0.00212	0	0	0	7420	-2.60159e-12	-2.67567e-12	0	0	0	39.326	39.326	0	0		
1	1	1	54	0.54		290	0	0	0.0108	-0.00216	-0.00216	0	0	0	7560	-2.45752e-12	-2.55413e-12	0	0	0	40.824	40.824	0	0		
1	1	1	55	0.55		290	0	0	0.011	-0.0022	-0.0022	0	0	0	7700	-2.7682e-12	-2.65996e-12	0	0	0	42.35	42.35	0	0		
1	1	1	56	0.56		290	0	0	0.0112	-0.00224	-0.00224	0	0	0	7840	-2.62412e-12	-2.53841e-12	0	0	0	43.904	43.904	0	0		
1	1	1	57	0.57		290	0	0	0.0114	-0.00228	-0.00228	0	0	0	7980	-2.48005e-12	-2.41687e-12	0	0	0	45.486	45.486	0	0		
1	1	1	58	0.58		290	0	0	0.0116	-0.00232	-0.00232	0	0	0	8120	-2.73388e-12	-2.75007e-12	0	0	0	47.096	47.096	0	0		
1	1	1	59	0.59		290	0	0	0.0118	-0.00236	-0.00236	0	0	0	8260	-2.58981e-12	-2.62853e-12	0	0	0	48.734	48.734	0	0		
1	1	1	60	0.6		290	0	0	0.012	-0.0024	-0.0024	0	0	0	8400	-2.44574e-12	-2.50699e-12	0	0	0	50.4	50.4	0	0		
1	1	1	61	0.61		290	0	0	0.0122	-0.00244	-0.00244	0	0	0	8540	-2.75641e-12	-2.84019e-12	0	0	0	52.094	52.094	0	0		
1	1	1	62	0.62		290	0	0	0.0124	-0.00248	-0.00248	0	0	0	8680	-2.61234e-12	-2.49127e-12	0	0	0	53.816	53.816	0	0		
1	1	1	63	0.63		290	0	0	0.0126	-0.00252	-0.00252	0	0	0	8820	-2.46827e-12	-2.36973e-12	0	0	0	55.566	55.566	0	0		
1	1	1	64	0.64		290	0	0	0.0128	-0.00256	-0.00256	0	0	0	8960	-2.77894e-12	-2.70293e-12	0	0	0	57.344	57.344	0	0		
1	1	1	65	0.65		290	0	0	0.013	-0.0026	-0.0026	0	0	0	9100	-2.57802e-12	-2.58139e-12	0	0	0	59.15	59.15	0	0		
1	1	1	66	0.66		290	0	0	0.0132	-0.00264	-0.00264	0	0	0	9240	-2.49079e-12	-2.23247e-12	0	0	0	60.984	60.984	0	0		
1	1	1	67	0.67		290	0	0	0.0134	-0.00268	-0.00268	0	0	0	9380	-2.80147e-12	-2.56568e-12	0	0	0	62.846	62.846	0	0		
1	1	1	68	0.68		290	0	0	0.0136	-0.00272	-0.00272	0	0	0	9520	-2.54371e-12	-2.44413e-12	0	0	0	64.736	64.736	0	0		
1	1	1	69	0.69		290	0	0	0.0138	-0.00276	-0.00276	0	0	0	9660	-2.39964e-12	-2.32259e-12	0	0	0	66.654	66.654	0	0		
1	1	1	70	0.7		290	0	0	0.014	-0.0028	-0.0028	0	0	0	9800	-2.71031e-12	-2.6558e-12	0	0	0	68.6	68.6	0	0		
1	1	1	71	0.71		290	0	0	0.0142	-0.00284	-0.00284	0	0	0	9940	-2.56624e-12	-2.53425e-12	0	0	0	70.574	70.574	0	0		
1	1	1	72	0.72		290	0	0	0.0144	-0.00288	-0.00288	0	0	0	10080	-2.42217e-12	-2.41271e-12	0	0	0	72.576	72.576	0	0		
1	1	1	73	0.73		290	0	0	0.0146	-0.00292	-0.00292	0	0	0	10220	-2.73284e-12	-2.74591e-12	0	0	0	74.606	74.606	0	0		
1	1	1	74	0.74		290	0	0	0.0148	-0.00296	-0.00296	0	0	0	10360	-2.58877e-12	-2.62437e-12	0	0	0	76.664	76.664	0	0		
1	1	1	75	0.75		290	0	0	0.015	-0.003	-0.003	0	0	0	10500	-2.4447e-12	-2.50283e-12	0	0	0	78.75	78.75	0	0		
1	1	1	76	0.76		290	0	0	0.0152	-0.00304	-0.00304	0	0	0	10640	-2.75537e-12	-2.83603e-12	0	0	0	80.864	80.864	0	0		
1	1	1	77	0.77		290	0	0	0.0154	-0.00308	-0.00308	0	0	0	10780	-2.6113e-12	-2.71449e-12	0	0	0	83.006	83.006	0	0		
1	1	1	78	0.78		290	0	0	0.0156	-0.00312	-0.00312	0	0	0	10920	-2.46723e-12	-2.59294e-12	0	0	0	85.176	85.176	0	0		
1	1	1	79	0.79		290	0	0	0.0158	-0.00316	-0.00316	0	0	0	11060	-2.7779e-12	-2.92615e-12	0	0	0	87.374	87.374	0	0		
1	1	1	80	0.8		290	0	0	0.016	-0.0032	-0.0032	0	0	0	11200	-3.08857e-12	-3.25935e-12	0	0	0	89.6	89.6	0	0		
1	1	1	81	0.81		290	0	0	0.0162	-0.00324	-0.00324	0	0	0	11340	-3.39925e-12	-3.13781e-12	0	0	0	91.854	91.854	0	0		
1	1	1	82	0.82		290	0	0	0.0164	-0.00328	-0.00328	0	0	0	11480	-3.70992e-12	-3.47101e-12	0	0	0	94.136	94.136	0	0		
1	1	1	83	0.83		290	0	0	0.0166	-0.00332	-0.00332	0	0	0	11620	-3.90691e-12	-3.80422e-12	0	0	0	96.446	96.446	0	0		
1	1	1	84	0.84		290	0	0	0.0168	-0.00336	-0.00336	0	0	0	11760	-4.21759e-12	-4.13742e-12	0	0	0	98.784	98.784	0	0		
1	1	1	85	0.85		290	0	0	0.017	-0.0034	-0.0034	0	0	0	11900	-4.52826e-12	-4.47062e-12	0	0	0	101.15	101.15	0	0		
1	1	1	86	0.86		290	0	0	0.0172	-0.00344	-0.00344	0	0	0	12040	-4.83894e-12	-4.80383e-12	0	0	0	103.544	103.544	0	0		
1	1	1	87	0.87		290	0	0	0.0174	-0.00348	-0.00348	0	0	0	12180	-5.14961e-12	-5.13703e-12	0	0	0	105.966	105.966	0	0		
1	1	1	88	0.88		290	0	0	0.0176	-0.00352	-0.00352	0	0	0	12320	-5.46029e-12	-5.47024e-12	0	0	0	108.416	108.416	0	0		
1	1	1	89	0.89		290	0	0	0.0178	-0.00356	-0.00356	0	0	0	12460	-5.77096e-12	-5.80344e-12	0	0	0	110.894	110.894	0	0		
1	1	1	90	0.9		290	0	0	0.018	-0.0036	-0.0036	0	0	0	12600	-6.08163e-12	-6.13664e-12	0	0	0	113.4	113.4	0	0		
1	1	1	91	0.91		290	0	0	0.0182	-0.00364	-0.00364	0	0	0	12740	-6.39231e-12	-6.46985e-12	0	0	0	115.934	115.934	0	0		
1	1	1	92	0.92		290	0	0	0.0184	-0.00368	-0.00368	0	0	0	12880	-7.15773e-12	-7.2578e-12	0	0	0	118.496	118.496	0	0		
1	1	1	93	0.93		290	0	0	0.0186	-0.00372	-0.00372	0	0	0	13020	-7.46841e-12	-7.591e-12	0	0	0	121.086	121.086	0	0		
1	1	1	94	0.94		290	0	0	0.0188	-0.00376	-0.00376	0	0	0	13160	-7.77908e-12	-7.92421e-12	0	0	0	123.704	123.704	0	0		
1	1	1	95	0.95		290	0	0	0.019	-0.0038	-0.0038	0	0	0	13300	-8.08976e-12	-8.25741e-12	0	0	0	126.35	126.35	0	0		
1	1	1	96	0.96		290	0	0	0.0192	-0.00384	-0.00384	0	0	0	13440	-8.40043e-12	-8.13587e-12	0	0	0	129.024	129.024	0	0		
1	1	1	97	0.97		290	0	0	0.0194	-0.00388	-0.00388	0	0	0	13580	-8.59742e-12	-8.46907e-12	0	0	0	131.726	131.726	0	0		
1	1	1	98	0.98		290	0	0	0.0196	-0.00392	-0.00392	0	0	0	13720	-8.90809e-12	-8.80228e-12	0	0	0	134.456	134.456	0	0		
1	1	1	99	0.99		290	0	0	0.0198	-0.00396	-0.00396	0	0	0	13860	-9.21877e-12	-9.13548e-12	0	0	0	137.214	137.214	0	0		
1	1	1	100	1		290	0	0	0.02	-0.004	-0.004	0	0	0	14000	-9.52944e-12	-9.46868e-12	0	0	0	140	140	0	0		
1	1	2	1	1.01		290	0	0	0.0198	-0.00396	-0.00396	0	0	0	13860	-9.21877e-12	-9.13548e-12	0	0	0	137.214	137.214	0	0		
1	1	2	2	1.02		290	0	0	0.0196	-0.00392	-0.00392	0	0	0	13720	-8.90809e-12	-8.80228e-12	0	0	0	134.456	134.456	0	0		
1	1	2	3	1.03		290	0	0	0.0194	-0.00388	-0.00388	0	0	0	13580	-8.59742e-12	-8.46907e-12	0	0	0	131.726	131.726	0	0		
1	1	2	4	1.04		290	0	0	0.0192	-0.00384	-0.00384	0	0	0	13440	-8.40043e-12	-8.13587e-12	0	0	0	129.024	129.024	0	0		
1	1	2	5	1.05		290	0	0	0.019	-0.0038	-0.0038	0	0	0	13300	-8.08976e-12	-8.25741e-12	0	0	0	126.35	126.35	0	0		
1	1	2	6	1.06		290	0	0	0.0188	-0.00376	-0.00376	0	0	0	13160	-7.77908e-12	-7.92421e-12	0	0	0	123.704	123.704	0	0		
1	1	2	7	1.07		290	0	0	0.0186	-0.00372	-0.00372	0	0	0	13020	-7.46841e-12	-7.591e-12	0	0	0	121.086	121.086	0	0		
1	1	2	8	1.08		290	0	0	0.0184	-0.00368	-0.00368	0	0	0	12880	-7.15773e-12	-7.2578e-12	0	0	0	118.496	118.496	0	0		
1	1	2	9	1.09		290	0	0	0.0182	-0.00364	-0.00364	0	0	0	12740	-6.39231e-12	-6.46985e-12	0	0	0	115.934	115.934	0	0		
1	1	2	10	1.1		290	0	0	0.018	-0.0036	-0.0036	0	0	0	12600	-6.08163e-12	-6.13664e-12	0	0	0	113.4	113.4	0	0		
1	1	2	11	1.11		290	0	0	0.0178	-0.00356	-0.00356	0	0	0	12460	-5.77096e-12	-5.80344e-12	0	0	0	110.894	110.894	0	0		
1	1	2	12	1.12		290	0	0	0.0176	-0.00352	-0.00352	0	0	0	12320	-5.46029e-12	-5.47024e-12	0	0	0	108.416	108.416	0	0		
1	1	2	13	1.13		290	0	0	0.0174	-0.00348	-0.00348	0	0	0	12180	-5.14961e-12	-5.13703e-12	0	0	0	105.966	105.966	0	0		
1	1	2	14	1.14		290	0	0	0.0172	-0.00344	-0.00344	0	0	0	12040	-4.83894e-12	-4.80383e-12	0	0	0	103.544	103.544	0	0		
1	1	2	15	1.15		290	0	0	0.017	-0.0034	-0.0034	0	0	0	11900	-4.52826e-12	-4.47062e-12	0	0	0	101.15	101.15	0	0		
1	1	2	16	1.16		290	0	0	0.0168	-0.00336	-0.00336	0	0	0	11760	-4.21759e-12	-4.13742e-12	0	0	0	98.784	98.784	0	0		
1	1	2	17	1.17		290	0	0	0.0166	-0.00332	-0.00332	0	0	0	11620	-3.90691e-12	-3.80422e-12	0	0	0	96.446	96.446	0	0		
1	1	2	18	1.18		290	0	0	0.0164	-0.00328	-0.00328	0	0	0	11480	-3.70992e-12	-3.47101e-12	0	0	0	94.136	94.136	0	0		
1	1	2	19	1.19		290	0	0	0.0162	-0.00324	-0.00324	0	0	0	11340	-3.39925e-12	-3.13781e-12	0	0	0	91.854	91.854	0	0		
1	1	2	20	1.2		290	0	0	0.016	-0.0032	-0.0032	0	0	0	11200	-3.08857e-12	-3.25935e-12	0	0	0	89.6	89.6	0	0		
1	1	2	21	1.21		290	0	0	0.0158	-0.00316	-0.00316	0	0	0	11060	-2.7779e-12	-2.92615e-12	0	0	0	87.374	87.374	0	0		
1	1	2	22	1.22		290	0	0	0.0156	-0.00312	-0.00312	0	0	0	10920	-2.46723e-12	-2.59294e-12	0	0	0	85.176	85.176	0	0		
1	1	2	23	1.23		290	0	0	0.0154	-0.00308	-0.00308	0	0	0	10780	-2.6113e-12	-2.71449e-12	0	0	0	83.006	83.006	0	0		
1	1	2	24	1.24		290	0	0	0.0152	-0.00304	-0.00304	0	0	0	10640	-2.75537e-12	-2.83603e-12	0	0	0	80.864	80.864	0	0		
1	1	2	25	1.25		290	0	0	0.015	-0.003	-0.003	0	0	0	10500	-2.4447e-12	-2.50283e-12	0	0	0	78.75	78.75	0	0		
1	1	2	26	1.26		290	0	0	0.0148	-0.00296	-0.00296	0	0	0	10360	-2.58877e-12	-2.62437e-12	0	0	0	76.664	76.664	0	0		
1	1	2	27	1.27		290	0	0	0.0146	-0.00292	-0.00292	0	0	0	10220	-2.73284e-12	-2.74591e-12	0	0	0	74.606	74.606	0	0		
1	1	2	28	1.28		290	0	0	0.0144	-0.00288	-0.00288	0	0	0	10080	-2.42217e-12	-2.41271e-12	0	0	0	72.576	72.576	0	0		
1	1	2	29	1.29		290	0	0	0.0142	-0.00284	-0.00284	0	0	0	9940	-2.56624e-12	-2.53425e-12	0	0	0	70.574	70.574	0	0		
1	1	2	30	1.3		290	0	0	0.014	-0.0028	-0.0028	0	0	0	9800	-2.71031e-12	-2.6558e-12	0	0	0	68.6	68.6	0	0		
1	1	2	31	1.31		290	0	0	0.0138	-0.00276	-0.00276	0	0	0	9660	-2.39964e-12	-2.32259e-12	0	0	0	66.654	66.654	0	0		
1	1	2	32	1.32		290	0	0	0.0136	-0.00272	-0.00272	0	0	0	9520	-2.54371e-12	-2.44413e-12	0	0	0	64.736	64.736	0	0		
1	1	2	33	1.33		290	0	0	0.0134	-0.00268	-0.00268	0	0	0	9380	-2.80147e-12	-2.56568e-12	0	0	0	62.846	62.846	0	0		
1	1	2	34	1.34		290	0	0	0.0132	-0.00264	-0.00264	0	0	0	9240	-2.49079e-12	-2.23247e-12	0	0	0	60.984	60.984	0	0		
1	1	2	35	1.35		290	0	0	0.013	-0.0026	-0.0026	0	0	0	9100	-2.57802e-12	-2.58139e-12	0	0	0	59.15	59.15	0	0		
1	1	2	36	1.36		290	0	0	0.0128	-0.00256	-0.00256	0	0	0	8960	-2.77894e-12	-2.70293e-12	0	0	0	57.344	57.344	0	0		
1	1	2	37	1.37		290	0	0	0.0126	-0.00252	-0.00252	0	0	0	8820	-2.46827e-12	-2.36973e-12	0	0	0	55.566	55.566	0	0		
1	1	2	38	1.38		290	0	0	0.0124	-0.00248	-0.00248	0	0	0	8680	-2.61234e-12	-2.49127e-12	0	0	0	53.816	53.816	0	0		
1	1	2	39	1.39		290	0	0	0.0122	-0.00244	-0.00244	0	0	0	8540	-2.75641e-12	-2.84019e-12	0	0	0	52.094	52.094	0	0		
1	1	2	40	1.4		290	0	0	0.012	-0.0024	-0.0024	0	0	0	8400	-2.44574e-12	-2.50699e-12	0	0	0	50.4	50.4	0	0		
1	1	2	41	1.41		290	0	0	0.0118	-0.00236	-0.00236	0	0	0	8260	-2.58981e-12	-2.62853e-12	0	0	0	48.734	48.734	0	0		
1	1	2	42	1.42		290	0	0	0.0116	-0.00232	-0.00232	0	0	0	8120	-2.73388e-12	-2.75007e-12	0	0	0	47.096	47.096	0	0		
1	1	2	43	1.43		290	0	0	0.0114	-0.00228	-0.00228	0	0	0	7980	-2.48005e-12	-2.41687e-12	0	0	0	45.486	45.486	0	0		
1	1	2	44	1.44		290	0	0	0.0112	-0.00224	-0.00224	0	0	0	7840	-2.62412e-12	-2.53841e-12	0	0	0	43.904	43.904	0	0		
1	1	2	45	1.45		290	0	0	0.011	-0.0022	-0.0022	0	0	0	7700	-2.7682e-12	-2.65996e-12	0	0	0	42.35	42.35	0	0		
1	1	2	46	1.46		290	0	0	0.0108	-0.00216	-0.00216	0	0	0	7560	-2.45752e-12	-2.55413e-12	0	0	0	40.824	40.824	0	0		
1	1	2	47	1.47		290	0	0	0.0106	-0.00212	-0.00212	0	0	0	7420	-2.60159e-12	-2.67567e-12	0	0	0	39.326	39.326	0	0		
1	1	2	48	1.48		290	0	0	0.0104	-0.00208	-0.00208	0	0	0	7280	-2.51829e-12	-2.56984e-12	0	0	0	37.856	37.856	0	0		
1	1	2	49	1.49		290	0	0	0.0102	-0.00204	-0.00204	0	0	0	7140	-2.43499e-12	-2.46401e-12	0	0	0	36.414	36.414	0	0		
1	1	2	50	1.5		290	0	0	0.01	-0.002	-0.002	0	0	0	7000	-2.57906e-12	-2.58555e-12	0	0	0	35	35	0	0		
1	1	2	51	1.51		290	0	0	0.0098	-0.00196	-0.00196	0	0	0	6860	-2.55261e-12	-2.47972e-12	0	0	0	33.614	33.614	0	0		
1	1	2	52	1.52		290	0	0	0.0096	-0.00192	-0.00192	0	0	0	6720	-2.46931e-12	-2.37389e-12	0	0	0	32.256	32.256	0	0		
1	1	2	53	1.53		290	0	0	0.0094	-0.00188	-0.00188	0	0	0	6580	-2.61338e-12	-2.49543e-12	0	0	0	30.926	30.926	0	0		
1	1	2	54	1.54		290	0	0	0.0092	-0.00184	-0.00184	0	0	0	6440	-2.53008e-12	-2.61698e-12	0	0	0	29.624	29.624	0	0		
1	1	2	55	1.55		290	0	0	0.009	-0.0018	-0.0018	0	0	0	6300	-2.44678e-12	-2.51115e-12	0	0	0	28.35	28.35	0	0		
1	1	2	56	1.56		290	0	0	0.0088	-0.00176	-0.00176	0	0	0	6160	-2.59085e-12	-2.63269e-12	0	0	0	27.104	27.104	0	0		
1	1	2	57	1.57		290	0	0	0.0086	-0.00172	-0.00172	0	0	0	6020	-2.50755e-12	-2.52686e-12	0	0	0	25.886	25.886	0	0		
1	1	2	58	1.58		290	0	0	0.0084	-0.00168	-0.00168	0	0	0	5880	-2.48109e-12	-2.42103e-12	0	0	0	24.696	24.696	0	0		
1	1	2	59	1.59		290	0	0	0.0082	-0.00164	-0.00164	0	0	0	5740	-2.62516e-12	-2.54257e-12	0	0	0	23.534	23.534	0	0		
1	1	2	60	1.6		290	0	0	0.008	-0.0016	-0.0016	0	0	0	5600	-2.54186e-12	-2.43674e-12	0	0	0	22.4	22.4	0	0		
1	1	2	61	1.61		290	0	0	0.0078	-0.00156	-0.00156	0	0	0	5460	-2.45856e-12	-2.55829e-12	0	0	0	21.294	21.294	0	0		
1	1	2	62	1.62		290	0	0	0.0076	-0.00152	-0.00152	0	0	0	5320	-2.14789e-12	-2.22508e-12	0	0	0	20.216	20.216	0	0		
1	1	2	63	1.63		290	0	0	0.0074	-0.00148	-0.00148	0	0	0	5180	-2.06459e-12	-2.11925e-12	0	0	0	19.166	19.166	0	0		
1	1	2	64	1.64		290	0	0	0.0072	-0.00144	-0.00144	0	0	0	5040	-1.75391e-12	-1.78605e-12	0	0	0	18.144	18.144	0	0		
1	1	2	65	1.65		290	0	0	0.007	-0.0014	-0.0014	0	0	0	4900	-1.72745e-12	-1.68022e-12	0	0	0	17.15	17.15	0	0		
1	1	2	66	1.66		290	0	0	0.0068	-0.00136	-0.00136	0	0	0	4760	-1.64415e-12	-1.57439e-12	0	0	0	16.184	16.184	0	0		
1	1	2	67	1.67		290	0	0	0.0066	-0.00132	-0.00132	0	0	0	4620	-1.33348e-12	-1.24118e-12	0	0	0	15.246	15.246	0	0		
1	1	2	68	1.68		290	0	0	0.0064	-0.00128	-0.00128	0	0	0	4480	-1.25018e-12	-1.24904e-12	0	0	0	14.336	14.336	0	0		
1	1	2	69	1.69		290	0	0	0.0062	-0.00124	-0.00124	0	0	0	4340	-9.39502e-13	-9.15836e-13	0	0	0	13.454	13.454	0	0		
1	1	2	70	1.7		290	0	0	0.006	-0.0012	-0.0012	0	0	0	4200	-8.56201e-13	-9.23692e-13	0	0	0	12.6	12.6	0	0		
1	1	2	71	1.71		290	0	0	0.0058	-0.00116	-0.00116	0	0	0	4060	-5.73948e-13	-5.90488e-13	0	0	0	11.774	11.774	0	0		
1	1	2	72	1.72		290	0	0	0.0056	-0.00112	-0.00112	0	0	0	3920	-4.90647e-13	-4.84658e-13	0	0	0	10.976	10.976	0	0		
1	1	2	73	1.73		290	0	0	0.0054	-0.00108	-0.00108	0	0	0	3780	-4.07346e-13	-3.78828e-13	0	0	0	10.206	10.206	0	0		
1	1	2	74	1.74		290	0	0	0.0052	-0.00104	-0.00104	0	0	0	3640	-1.25093e-13	-1.5931e-13	0	0	0	9.464	9.464	0	0		
1	1	2	75	1.75		290	0	0	0.005	-0.001	-0.001	0	0	0	3500	-4.17917e-14	-5.348e-14	0	0	0	8.75	8.75	0	0		
1	1	2	76	1.76		290	0	0	0.0048	-0.00096	-0.00096	0	0	0	3360	1.55196e-13	1.66037e-13	0	0	0	8.064	8.064	0	0		
1	1	2	77	1.77		290	0	0	0.0046	-0.00092	-0.00092	0	0	0	3220	3.52184e-13	3.85554e-13	0	0	0	7.406	7.406	0	0		
1	1	2	78	1.78		290	0	0	0.0044	-0.00088	-0.00088	0	0	0	3080	5.2075e-13	4.91385e-13	0	0	0	6.776	6.776	0	0		
1	1	2	79	1.79		290	0	0	0.0042	-0.00084	-0.00084	0	0	0	2940	7.17738e-13	7.10902e-13	0	0	0	6.174	6.174	0	0		
1	1	2	80	1.8		290	0	0	0.004	-0.0008	-0.0008	0	0	0	2800	8.01039e-13	8.16732e-13	0	0	0	5.6	5.6	0	0		
1	1	2	81	1.81		290	0	0	0.0038	-0.00076	-0.00076	0	0	0	2660	9.69605e-13	1.03625e-12	0	0	0	5.054	5.054	0	0		
1	1	2	82	1.82		290	0	0	0.0036	-0.00072	-0.00072	0	0	0	2520	1.05291e-12	1.02839e-12	0	0	0	4.536	4.536	0	0		
1	1	2	83	1.83		290	0	0	0.0034	-0.00068	-0.00068	0	0	0	2380	1.13621e-12	1.13422e-12	0	0	0	4.046	4.046	0	0		
1	1	2	84	1.84		290	0	0	0.0032	-0.00064	-0.00064	0	0	0	2240	1.2053e-12	1.18321e-12	0	0	0	3.584	3.584	0	0		
1	1	2	85	1.85		290	0	0	0.003	-0.0006	-0.0006	0	0	0	2100	1.2886e-12	1.28904e-12	0	0	0	3.15	3.15	0	0		
1	1	2	86	1.86		290	0	0	0.0028	-0.00056	-0.00056	0	0	0	1960	1.35769e-12	1.33803e-12	0	0	0	2.744	2.744	0	0		
1	1	2	87	1.87		290	0	0	0.0026	-0.00052	-0.00052	0	0	0	1820	1.44099e-12	1.44386e-12	0	0	0	2.366	2.366	0	0		
1	1	2	88	1.88		290	0	0	0.0024	-0.00048	-0.00048	0	0	0	1680	1.51008e-12	1.49284e-12	0	0	0	2.016	2.016	0	0		
1	1	2	89	1.89		290	0	0	0.0022	-0.00044	-0.00044	0	0	0	1540	1.57917e-12	1.59867e-12	0	0	0	1.694	1.694	0	0		
1	1	2	90	1.9		290	0	0	0.002	-0.0004	-0.0004	0	0	0	1400	1.66247e-12	1.64766e-12	0	0	0	1.4	1.4	0	0		
1	1	2	91	1.91		290	0	0	0.0018	-0.00036	-0.00036	0	0	0	1260	1.7884e-12	1.81034e-12	0	0	0	1.134	1.134	0	0		
1	1	2	92	1.92		290	0	0	0.0016	-0.00032	-0.00032	0	0	0	1120	1.92855e-12	1.91617e-12	0	0	0	0.896	0.896	0	0		
1	1	2	93	1.93		290	0	0	0.0014	-0.00028	-0.00028	0	0	0	980	2.06159e-12	2.05042e-12	0	0	0	0.686	0.686	0	0		
1	1	2	94	1.94		290	0	0	0.0012	-0.00024	-0.00024	0	0	0	840	2.16093e-12	2.16359e-12	0	0	0	0.504	0.504	0	0		
1	1	2	95	1.95		290	0	0	0.001	-0.0002	-0.0002	0	0	0	700	2.26739e-12	2.27676e-12	0	0	0	0.35	0.35	0	0		
1	1	2	96	1.96		290	0	0	0.0008	-0.00016	-0.00016	0	0	0	560	2.37739e-12	2.37572e-12	0	0	0	0.224	0.224	0	0		
1	1	2	97	1.97		290	0	0	0.0006	-0.00012	-0.00012	0	0	0	420	2.46963e-12	2.47468e-12	0	0	0	0.126	0.126	0	0		
1	1	2	98	1.98		290	0	0	0.0004	-8e-05	-8e-05	0	0	0	280	2.5601e-12	2.55943e-12	0	0	0	0.056	0.056	0	0		
1	1	2	99	1.99		290	0	0	0.0002	-4e-05	-4e-05	0	0	0	140	2.64435e-12	2.64417e-12	0	0	0	0.014	0.014	0	0		
1	1	2	100	2		290	0	0	2.00577e-18	2.41235e-18	2.41235e-18	0	0	0	2.49818e-12	2.73535e-12	2.73535e-12	0	0	0	3.89116e-14	3.89116e-14	0	0		
