1	1	1	1	0.01		289.997	0.725	2.71938e-11	-2.17642e-05	0.00043472	-0.000130498	0	0	0	7.95648e-16	1	1.07019e-15	0	0	0	0.00021736	0.00021736	0	0	3.13969e-08	3.13969e-08	0		
1	1	1	2	0.02		289.995	-6.27931e-06	2.25301e-16	-4.35285e-05	0.00086944	-0.000260995	0	0	0	4.00114e-15	2	5.49029e-15	0	0	0	0.00086944	0.00086944	0	0	6.27937e-08	6.27937e-08	0		
1	1	1	3	0.03		289.992	-6.27929e-06	3.49417e-17	-6.52927e-05	0.00130416	-0.000391493	0	0	0	1.46777e-15	3	1.93884e-15	0	0	0	0.00195624	0.00195624	0	0	9.41904e-08	9.41904e-08	0		
1	1	1	4	0.04		289.99	-6.27923e-06	2.59604e-16	-8.7057e-05	0.00173888	-0.00052199	0	0	0	1.29002e-15	4	1.8463e-15	0	0	0	0.00347776	0.00347776	0	0	1.25587e-07	1.25587e-07	0		
1	1	1	5	0.05		289.987	-6.27918e-06	1.93029e-16	-0.000108821	0.0021736	-0.000652488	0	0	0	3.50445e-15	5	4.9654e-15	0	0	0	0.005434	0.005434	0	0	1.56983e-07	1.56983e-07	0		
1	1	1	6	0.06		289.985	-6.27912e-06	-2.19516e-16	-0.000130585	0.00260832	-0.000782985	0	0	0	1.14899e-15	6	1.38468e-15	0	0	0	0.00782496	0.00782496	0	0	1.88379e-07	1.88379e-07	0		
1	1	1	7	0.07		289.982	-6.27907e-06	5.50698e-17	-0.00015235	0.00304304	-0.000913483	0	0	0	1.36741e-15	7	1.67972e-15	0	0	0	0.0106506	0.0106506	0	0	2.19774e-07	2.19774e-07	0		
1	1	1	8	0.08		289.98	-6.27901e-06	-1.89061e-17	-0.000174114	0.00347776	-0.00104398	0	0	0	3.83164e-15	8	4.79882e-15	0	0	0	0.013911	0.013911	0	0	2.5117e-07	2.5117e-07	0		
1	1	1	9	0.09		289.977	-6.27896e-06	-2.26691e-16	-0.000195878	0.00391248	-0.00117448	0	0	0	1.5317e-15	9	1.44014e-15	0	0	0	0.0176062	0.0176062	0	0	2.82565e-07	2.82565e-07	0		
1	1	1	10	0.1		289.975	-6.2789e-06	8.25868e-17	-0.000217642	0.0043472	-0.00130498	0	0	0	1.56841e-15	10	1.18208e-15	0	0	0	0.021736	0.021736	0	0	3.1396e-07	3.1396e-07	0		
1	1	1	11	0.11		289.972	-6.27885e-06	-5.40775e-18	-0.000239407	0.00478192	-0.00143547	0	0	0	4.4314e-15	11	6.12803e-15	0	0	0	0.0263005	0.0263005	0	0	3.45354e-07	3.45354e-07	0		
1	1	1	12	0.12		289.97	-6.2788e-06	1.92901e-16	-0.000261171	0.00521664	-0.00156597	0	0	0	2.10629e-15	12	2.98739e-15	0	0	0	0.0312998	0.0312998	0	0	3.76748e-07	3.76748e-07	0		
1	1	1	13	0.13		289.967	-6.27874e-06	-7.32103e-18	-0.000282935	0.00565136	-0.00169647	0	0	0	2.5216e-15	13	3.94456e-15	0	0	0	0.0367338	0.0367338	0	0	4.08142e-07	4.08142e-07	0		
1	1	1	14	0.14		289.965	-6.27869e-06	-6.30257e-17	-0.000304699	0.00608608	-0.00182697	0	0	0	1.62461e-15	14	2.47126e-15	0	0	0	0.0426025	0.0426025	0	0	4.39536e-07	4.39536e-07	0		
1	1	1	15	0.15		289.962	-6.27863e-06	-1.52671e-16	-0.000326464	0.0065208	-0.00195746	0	0	0	3.59423e-15	15	5.20479e-15	0	0	0	0.048906	0.048906	0	0	4.70929e-07	4.70929e-07	0		
1	1	1	16	0.16		289.96	-6.27858e-06	1.16303e-16	-0.000348228	0.00695552	-0.00208796	0	0	0	4.35258e-15	16	7.16717e-15	0	0	0	0.0556441	0.0556441	0	0	5.02322e-07	5.02322e-07	0		
1	1	1	17	0.17		289.957	-6.27852e-06	3.37573e-17	-0.000369992	0.00739024	-0.00221846	0	0	0	3.77867e-15	17	5.57684e-15	0	0	0	0.062817	0.062817	0	0	5.33715e-07	5.33715e-07	0		
1	1	1	18	0.18		289.955	-6.27847e-06	-1.68764e-16	-0.000391756	0.00782496	-0.00234896	0	0	0	2.22553e-15	18	2.44422e-15	0	0	0	0.0704246	0.0704246	0	0	5.65108e-07	5.65108e-07	0		
1	1	1	19	0.19		289.952	-6.27842e-06	4.71238e-19	-0.000413521	0.00825968	-0.00247945	0	0	0	3.23629e-15	19	3.73645e-15	0	0	0	0.0784669	0.0784669	0	0	5.965e-07	5.965e-07	0		
1	1	1	20	0.2		289.95	-6.27836e-06	3.0045e-17	-0.000435285	0.0086944	-0.00260995	0	0	0	2.91477e-15	20	5.02869e-15	0	0	0	0.086944	0.086944	0	0	6.27892e-07	6.27892e-07	0		
1	1	1	21	0.21		289.947	-6.27831e-06	-2.36883e-17	-0.000457049	0.00912912	-0.00274045	0	0	0	1.08927e-15	21	2.33214e-15	0	0	0	0.0958557	0.0958557	0	0	6.59284e-07	6.59284e-07	0		
1	1	1	22	0.22		289.945	-6.27825e-06	-1.44115e-16	-0.000478813	0.00956384	-0.00287095	0	0	0	2.10002e-15	22	3.62438e-15	0	0	0	0.105202	0.105202	0	0	6.90675e-07	6.90675e-07	0		
1	1	1	23	0.23		289.942	-6.2782e-06	-3.66204e-17	-0.000500578	0.00999856	-0.00300144	0	0	0	2.2226e-15	23	4.91662e-15	0	0	0	0.114983	0.114983	0	0	7.22067e-07	7.22067e-07	0		
1	1	1	24	0.24		289.94	-6.27814e-06	-2.69174e-16	-0.000522342	0.0104333	-0.00313194	0	0	0	4.5153e-15	24	8.42129e-15	0	0	0	0.125199	0.125199	0	0	7.53457e-07	7.53457e-07	0		
1	1	1	25	0.25		289.937	-6.27809e-06	1.12958e-16	-0.000544106	0.010868	-0.00326244	0	0	0	2.15465e-15	25	5.07063e-15	0	0	0	0.13585	0.13585	0	0	7.84848e-07	7.84848e-07	0		
1	1	1	26	0.26		289.935	-6.27803e-06	9.59642e-18	-0.00056587	0.0113027	-0.00339294	0	0	0	2.05518e-15	26	3.69834e-15	0	0	0	0.146935	0.146935	0	0	8.16239e-07	8.16239e-07	0		
1	1	1	27	0.27		289.932	-6.27798e-06	-1.19668e-16	-0.000587635	0.0117374	-0.00352343	0	0	0	1.30955e-15	27	2.56011e-15	0	0	0	0.158455	0.158455	0	0	8.47629e-07	8.47629e-07	0		
1	1	1	28	0.28		289.93	-6.27793e-06	-2.58935e-16	-0.000609399	0.0121722	-0.00365393	0	0	0	2.76439e-15	28	4.74053e-15	0	0	0	0.17041	0.17041	0	0	8.79019e-07	8.79019e-07	0		
1	1	1	29	0.29		289.927	-6.27787e-06	-5.08056e-17	-0.000631163	0.0126069	-0.00378443	0	0	0	3.33106e-15	29	5.14459e-15	0	0	0	0.1828	0.1828	0	0	9.10408e-07	9.10408e-07	0		
1	1	1	30	0.3		289.925	-6.27782e-06	-3.18061e-17	-0.000652927	0.0130416	-0.00391493	0	0	0	3.17089e-15	30	5.11257e-15	0	0	0	0.195624	0.195624	0	0	9.41798e-07	9.41798e-07	0		
1	1	1	31	0.31		289.922	-6.27776e-06	5.53627e-17	-0.000674692	0.0134763	-0.00404542	0	0	0	4.46439e-15	31	7.72906e-15	0	0	0	0.208883	0.208883	0	0	9.73186e-07	9.73186e-07	0		
1	1	1	32	0.32		289.92	-6.27771e-06	-5.18713e-17	-0.000696456	0.013911	-0.00417592	0	0	0	5.41444e-15	32	9.47341e-15	0	0	0	0.222577	0.222577	0	0	1.00458e-06	1.00458e-06	0		
1	1	1	33	0.33		289.917	-6.27765e-06	-2.29128e-18	-0.00071822	0.0143458	-0.00430642	0	0	0	5.53701e-15	33	9.87747e-15	0	0	0	0.236705	0.236705	0	0	1.03596e-06	1.03596e-06	0		
1	1	1	34	0.34		289.915	-6.2776e-06	1.27216e-16	-0.000739984	0.0147805	-0.00443692	0	0	0	3.2778e-15	34	7.16489e-15	0	0	0	0.251268	0.251268	0	0	1.06735e-06	1.06735e-06	0		
1	1	1	35	0.35		289.912	-6.27755e-06	-2.29196e-16	-0.000761749	0.0152152	-0.00456741	0	0	0	3.40038e-15	35	9.3453e-15	0	0	0	0.266266	0.266266	0	0	1.09874e-06	1.09874e-06	0		
1	1	1	36	0.36		289.91	-6.27749e-06	2.16577e-16	-0.000783513	0.0156499	-0.00469791	0	0	0	3.2402e-15	36	9.31329e-15	0	0	0	0.281698	0.281698	0	0	1.13013e-06	1.13013e-06	0		
1	1	1	37	0.37		289.907	-6.27744e-06	2.43438e-16	-0.000805277	0.0160846	-0.00482841	0	0	0	6.81485e-15	37	1.59186e-14	0	0	0	0.297566	0.297566	0	0	1.16151e-06	1.16151e-06	0		
1	1	1	38	0.38		289.905	-6.27738e-06	-7.90945e-17	-0.000827041	0.0165194	-0.00495891	0	0	0	3.10197e-15	38	1.05575e-14	0	0	0	0.313868	0.313868	0	0	1.1929e-06	1.1929e-06	0		
1	1	1	39	0.39		289.902	-6.27733e-06	-2.01851e-16	-0.000848806	0.0169541	-0.00508941	0	0	0	3.0025e-15	39	1.09615e-14	0	0	0	0.330604	0.330604	0	0	1.22429e-06	1.22429e-06	0		
1	1	1	40	0.4		289.9	-6.27727e-06	-7.76349e-17	-0.00087057	0.0173888	-0.0052199	0	0	0	4.67939e-15	40	1.3142e-14	0	0	0	0.347776	0.347776	0	0	1.25568e-06	1.25568e-06	0		
1	1	1	41	0.41		289.897	-6.27722e-06	2.66846e-16	-0.000892334	0.0178235	-0.0053504	0	0	0	1.85468e-15	41	1.13336e-14	0	0	0	0.365382	0.365382	0	0	1.28706e-06	1.28706e-06	0		
1	1	1	42	0.42		289.895	-6.27716e-06	-2.19443e-16	-0.000914098	0.0182582	-0.0054809	0	0	0	1.43253e-15	42	1.08334e-14	0	0	0	0.383423	0.383423	0	0	1.31845e-06	1.31845e-06	0		
1	1	1	43	0.43		289.892	-6.27711e-06	-2.90426e-16	-0.000935862	0.018693	-0.0056114	0	0	0	4.05829e-15	43	1.52263e-14	0	0	0	0.401898	0.401898	0	0	1.34983e-06	1.34983e-06	0		
1	1	1	44	0.44		289.89	-6.27706e-06	-1.25595e-16	-0.000957627	0.0191277	-0.00574189	0	0	0	1.67768e-15	44	1.34179e-14	0	0	0	0.420809	0.420809	0	0	1.38122e-06	1.38122e-06	0		
1	1	1	45	0.45		289.887	-6.277e-06	-8.27369e-17	-0.000979391	0.0195624	-0.00587239	0	0	0	3.06641e-16	45	1.24817e-14	0	0	0	0.440154	0.440154	0	0	1.4126e-06	1.4126e-06	0		
1	1	1	46	0.46		289.884	-6.27695e-06	-5.31782e-17	-0.00100116	0.0199971	-0.00600289	0	0	0	2.87171e-15	46	1.46621e-14	0	0	0	0.459934	0.459934	0	0	1.44399e-06	1.44399e-06	0		
1	1	1	47	0.47		289.882	-6.27689e-06	8.40847e-17	-0.00102292	0.0204318	-0.00613339	0	0	0	1.76266e-15	47	1.06413e-14	0	0	0	0.480148	0.480148	0	0	1.47537e-06	1.47537e-06	0		
1	1	1	48	0.48		289.879	-6.27684e-06	1.96142e-16	-0.00104468	0.0208666	-0.00626388	0	0	0	2.04657e-15	48	1.06093e-14	0	0	0	0.500797	0.500797	0	0	1.50676e-06	1.50676e-06	0		
1	1	1	49	0.49		289.877	-6.27678e-06	2.38878e-16	-0.00106645	0.0213013	-0.00639438	0	0	0	1.72506e-15	49	1.10134e-14	0	0	0	0.521881	0.521881	0	0	1.53814e-06	1.53814e-06	0		
1	1	1	50	0.5		289.874	-6.27673e-06	2.58118e-16	-0.00108821	0.021736	-0.00652488	0	0	0	3.62399e-15	50	1.49701e-14	0	0	0	0.5434	0.5434	0	0	1.56953e-06	1.56953e-06	0		
1	1	1	51	0.51		289.872	-6.27668e-06	5.55085e-17	-0.00110998	0.0221707	-0.00665538	0	0	0	3.74657e-15	51	1.53742e-14	0	0	0	0.565353	0.565353	0	0	1.60091e-06	1.60091e-06	0		
1	1	1	52	0.52		289.869	-6.27662e-06	-4.88033e-18	-0.00113174	0.0226054	-0.00678587	0	0	0	3.54646e-15	52	1.66504e-14	0	0	0	0.587741	0.587741	0	0	1.63229e-06	1.63229e-06	0		
1	1	1	53	0.53		289.867	-6.27657e-06	1.03634e-16	-0.0011535	0.0230402	-0.00691637	0	0	0	-6.10516e-16	53	1.4842e-14	0	0	0	0.610564	0.610564	0	0	1.66368e-06	1.66368e-06	0		
1	1	1	54	0.54		289.864	-6.27651e-06	-3.21136e-16	-0.00117527	0.0234749	-0.00704687	0	0	0	5.21641e-16	54	1.61182e-14	0	0	0	0.633822	0.633822	0	0	1.69506e-06	1.69506e-06	0		
1	1	1	55	0.55		289.862	-6.27646e-06	8.27851e-17	-0.00119703	0.0239096	-0.00717737	0	0	0	5.22813e-16	55	1.56501e-14	0	0	0	0.657514	0.657514	0	0	1.72644e-06	1.72644e-06	0		
1	1	1	56	0.56		289.859	-6.2764e-06	6.16332e-17	-0.0012188	0.0243443	-0.00730786	0	0	0	-2.30189e-15	56	1.02891e-14	0	0	0	0.681641	0.681641	0	0	1.75782e-06	1.75782e-06	0		
1	1	1	57	0.57		289.857	-6.27635e-06	-2.96107e-17	-0.00124056	0.024779	-0.00743836	0	0	0	-6.85707e-16	57	1.20334e-14	0	0	0	0.706202	0.706202	0	0	1.78921e-06	1.78921e-06	0		
1	1	1	58	0.58		289.854	-6.27629e-06	-1.5594e-16	-0.00126233	0.0252138	-0.00756886	0	0	0	-2.62224e-15	58	6.67232e-15	0	0	0	0.731199	0.731199	0	0	1.82059e-06	1.82059e-06	0		
1	1	1	59	0.59		289.852	-6.27624e-06	6.95945e-17	-0.00128409	0.0256485	-0.00769936	0	0	0	-2.33832e-15	59	8.41667e-15	0	0	0	0.75663	0.75663	0	0	1.85197e-06	1.85197e-06	0		
1	1	1	60	0.6		289.849	-6.27619e-06	8.24635e-17	-0.00130585	0.0260832	-0.00782985	0	0	0	4.08854e-16	60	1.19053e-14	0	0	0	0.782496	0.782496	0	0	1.88335e-06	1.88335e-06	0		
1	1	1	61	0.61		289.847	-6.27613e-06	1.92086e-16	-0.00132762	0.0265179	-0.00796035	0	0	0	1.54101e-15	61	1.31815e-14	0	0	0	0.808796	0.808796	0	0	1.91473e-06	1.91473e-06	0		
1	1	1	62	0.62		289.844	-6.27608e-06	-5.00603e-17	-0.00134938	0.0269526	-0.00809085	0	0	0	7.75408e-16	62	1.35856e-14	0	0	0	0.835532	0.835532	0	0	1.94611e-06	1.94611e-06	0		
1	1	1	63	0.63		289.842	-6.27602e-06	-9.05474e-17	-0.00137115	0.0273873	-0.00822135	0	0	0	4.4507e-15	63	1.75423e-14	0	0	0	0.862702	0.862702	0	0	1.97749e-06	1.97749e-06	0		
1	1	1	64	0.64		289.839	-6.27597e-06	4.16343e-17	-0.00139291	0.0278221	-0.00835184	0	0	0	3.68509e-15	64	1.43937e-14	0	0	0	0.890306	0.890306	0	0	2.00887e-06	2.00887e-06	0		
1	1	1	65	0.65		289.837	-6.27591e-06	-8.19785e-17	-0.00141468	0.0282568	-0.00848234	0	0	0	3.36358e-15	65	1.47977e-14	0	0	0	0.918346	0.918346	0	0	2.04025e-06	2.04025e-06	0		
1	1	1	66	0.66		289.834	-6.27586e-06	3.07549e-17	-0.00143644	0.0286915	-0.00861284	0	0	0	2.27529e-15	66	1.60739e-14	0	0	0	0.94682	0.94682	0	0	2.07163e-06	2.07163e-06	0		
1	1	1	67	0.67		289.832	-6.27581e-06	1.91059e-16	-0.0014582	0.0291262	-0.00874334	0	0	0	4.49691e-15	67	1.91586e-14	0	0	0	0.975729	0.975729	0	0	2.10301e-06	2.10301e-06	0		
1	1	1	68	0.68		289.829	-6.27575e-06	-3.80666e-17	-0.00147997	0.0295609	-0.00887383	0	0	0	3.28722e-15	68	1.95626e-14	0	0	0	1.00507	1.00507	0	0	2.13439e-06	2.13439e-06	0		
1	1	1	69	0.69		289.827	-6.2757e-06	1.48686e-16	-0.00150173	0.0299957	-0.00900433	0	0	0	5.30755e-15	69	2.43916e-14	0	0	0	1.03485	1.03485	0	0	2.16577e-06	2.16577e-06	0		
1	1	1	70	0.7		289.824	-6.27564e-06	2.56519e-16	-0.0015235	0.0304304	-0.00913483	0	0	0	6.7624e-15	70	2.47956e-14	0	0	0	1.06506	1.06506	0	0	2.19715e-06	2.19715e-06	0		
1	1	1	71	0.71		289.822	-6.27559e-06	-1.74599e-16	-0.00154526	0.0308651	-0.00926533	0	0	0	5.99679e-15	71	2.1647e-14	0	0	0	1.09571	1.09571	0	0	2.22853e-06	2.22853e-06	0		
1	1	1	72	0.72		289.819	-6.27553e-06	-1.84267e-17	-0.00156703	0.0312998	-0.00939582	0	0	0	4.10021e-15	72	1.6754e-14	0	0	0	1.12679	1.12679	0	0	2.2599e-06	2.2599e-06	0		
1	1	1	73	0.73		289.817	-6.27548e-06	-4.32063e-17	-0.00158879	0.0317345	-0.00952632	0	0	0	4.98956e-15	73	1.62859e-14	0	0	0	1.15831	1.15831	0	0	2.29128e-06	2.29128e-06	0		
1	1	1	74	0.74		289.814	-6.27543e-06	1.46556e-16	-0.00161055	0.0321693	-0.00965682	0	0	0	5.7575e-15	74	1.49457e-14	0	0	0	1.19026	1.19026	0	0	2.32266e-06	2.32266e-06	0		
1	1	1	75	0.75		289.812	-6.27537e-06	-1.33409e-16	-0.00163232	0.032604	-0.00978732	0	0	0	6.20276e-15	75	1.44776e-14	0	0	0	1.22265	1.22265	0	0	2.35404e-06	2.35404e-06	0		
1	1	1	76	0.76		289.809	-6.27532e-06	1.85007e-16	-0.00165408	0.0330387	-0.00991781	0	0	0	6.76943e-15	76	1.48817e-14	0	0	0	1.25547	1.25547	0	0	2.38541e-06	2.38541e-06	0		
1	1	1	77	0.77		289.807	-6.27526e-06	2.55165e-17	-0.00167585	0.0334734	-0.0100483	0	0	0	7.01341e-15	77	1.97106e-14	0	0	0	1.28873	1.28873	0	0	2.41679e-06	2.41679e-06	0		
1	1	1	78	0.78		289.804	-6.27521e-06	-1.2233e-16	-0.00169761	0.0339081	-0.0101788	0	0	0	6.2478e-15	78	2.01147e-14	0	0	0	1.32242	1.32242	0	0	2.44816e-06	2.44816e-06	0		
1	1	1	79	0.79		289.802	-6.27515e-06	1.90041e-16	-0.00171937	0.0343429	-0.0103093	0	0	0	8.14674e-15	79	2.40714e-14	0	0	0	1.35654	1.35654	0	0	2.47954e-06	2.47954e-06	0		
1	1	1	80	0.8		289.799	-6.2751e-06	6.53916e-17	-0.00174114	0.0347776	-0.0104398	0	0	0	5.48337e-15	80	2.00506e-14	0	0	0	1.3911	1.3911	0	0	2.51092e-06	2.51092e-06	0		
1	1	1	81	0.81		289.797	-6.27504e-06	-1.52606e-16	-0.0017629	0.0352123	-0.0105703	0	0	0	8.39189e-15	81	2.48796e-14	0	0	0	1.4261	1.4261	0	0	2.54229e-06	2.54229e-06	0		
1	1	1	82	0.82		289.794	-6.27499e-06	1.01075e-16	-0.00178467	0.035647	-0.0107008	0	0	0	7.50488e-15	82	2.44115e-14	0	0	0	1.46153	1.46153	0	0	2.57367e-06	2.57367e-06	0		
1	1	1	83	0.83		289.792	-6.27494e-06	7.268e-17	-0.00180643	0.0360817	-0.0108313	0	0	0	7.74886e-15	83	2.92404e-14	0	0	0	1.49739	1.49739	0	0	2.60504e-06	2.60504e-06	0		
1	1	1	84	0.84		289.789	-6.27488e-06	-1.40629e-16	-0.0018282	0.0365165	-0.0109618	0	0	0	6.86185e-15	84	2.52196e-14	0	0	0	1.53369	1.53369	0	0	2.63642e-06	2.63642e-06	0		
1	1	1	85	0.85		289.787	-6.27483e-06	2.52342e-16	-0.00184996	0.0369512	-0.0110923	0	0	0	1.05371e-14	85	3.27291e-14	0	0	0	1.57043	1.57043	0	0	2.66779e-06	2.66779e-06	0		
1	1	1	86	0.86		289.784	-6.27477e-06	1.07869e-16	-0.00187172	0.0373859	-0.0112228	0	0	0	3.99838e-15	86	2.60277e-14	0	0	0	1.60759	1.60759	0	0	2.69916e-06	2.69916e-06	0		
1	1	1	87	0.87		289.782	-6.27472e-06	5.46397e-17	-0.00189349	0.0378206	-0.0113533	0	0	0	3.23278e-15	87	1.93263e-14	0	0	0	1.6452	1.6452	0	0	2.73054e-06	2.73054e-06	0		
1	1	1	88	0.88		289.779	-6.27466e-06	1.25885e-16	-0.00191525	0.0382553	-0.0114838	0	0	0	4.56622e-15	88	2.2411e-14	0	0	0	1.68324	1.68324	0	0	2.76191e-06	2.76191e-06	0		
1	1	1	89	0.89		289.777	-6.27461e-06	3.74163e-16	-0.00193702	0.0386901	-0.0116143	0	0	0	6.02106e-15	89	2.2815e-14	0	0	0	1.72171	1.72171	0	0	2.79329e-06	2.79329e-06	0		
1	1	1	90	0.9		289.774	-6.27456e-06	1.57585e-17	-0.00195878	0.0391248	-0.0117448	0	0	0	6.14363e-15	90	2.67718e-14	0	0	0	1.76062	1.76062	0	0	2.82466e-06	2.82466e-06	0		
1	1	1	91	0.91		289.772	-6.2745e-06	1.96031e-18	-0.00198055	0.0395595	-0.0118753	0	0	0	7.15439e-15	91	2.71759e-14	0	0	0	1.79996	1.79996	0	0	2.85603e-06	2.85603e-06	0		
1	1	1	92	0.92		289.769	-6.27445e-06	-3.41613e-17	-0.00200231	0.0399942	-0.0120058	0	0	0	1.09511e-14	92	3.20048e-14	0	0	0	1.83973	1.83973	0	0	2.8874e-06	2.8874e-06	0		
1	1	1	93	0.93		289.766	-6.27439e-06	-6.91169e-17	-0.00202407	0.0404289	-0.0121363	0	0	0	8.40912e-15	93	2.53034e-14	0	0	0	1.87995	1.87995	0	0	2.91878e-06	2.91878e-06	0		
1	1	1	94	0.94		289.764	-6.27434e-06	-3.24084e-17	-0.00204584	0.0408637	-0.0122668	0	0	0	5.98856e-15	94	2.65796e-14	0	0	0	1.92059	1.92059	0	0	2.95015e-06	2.95015e-06	0		
1	1	1	95	0.95		289.761	-6.27428e-06	-9.77326e-17	-0.0020676	0.0412984	-0.0123973	0	0	0	4.33478e-15	95	2.3431e-14	0	0	0	1.96167	1.96167	0	0	2.98152e-06	2.98152e-06	0		
1	1	1	96	0.96		289.759	-6.27423e-06	4.29244e-17	-0.00208937	0.0417331	-0.0125278	0	0	0	7.00049e-15	96	3.00683e-14	0	0	0	2.00319	2.00319	0	0	3.01289e-06	3.01289e-06	0		
1	1	1	97	0.97		289.756	-6.27418e-06	2.6973e-16	-0.00211113	0.0421678	-0.0126583	0	0	0	6.67898e-15	97	3.04724e-14	0	0	0	2.04514	2.04514	0	0	3.04426e-06	3.04426e-06	0		
1	1	1	98	0.98		289.754	-6.27412e-06	-4.22323e-17	-0.0021329	0.0426025	-0.0127888	0	0	0	8.69931e-15	98	3.53013e-14	0	0	0	2.08752	2.08752	0	0	3.07563e-06	3.07563e-06	0		
1	1	1	99	0.99		289.751	-6.27407e-06	-6.11701e-17	-0.00215466	0.0430373	-0.0129193	0	0	0	8.70048e-15	99	3.83859e-14	0	0	0	2.13034	2.13034	0	0	3.107e-06	3.107e-06	0		
1	1	1	100	1		289.749	-6.27401e-06	-3.43659e-17	-0.00217642	0.043472	-0.0130498	0	0	0	6.60261e-15	100	3.879e-14	0	0	0	2.1736	2.1736	0	0	3.13837e-06	3.13837e-06	0		
1	1	2	1	1.01		289.751	-6.27407e-06	-9.60257e-17	-0.00215466	0.0430373	-0.0129193	0	0	0	1.07995e-14	99	4.10665e-14	0	0	0	2.13034	2.13034	0	0	3.16974e-06	3.16974e-06	0		
1	1	2	2	1.02		289.754	-6.27412e-06	8.24708e-17	-0.0021329	0.0426025	-0.0127888	0	0	0	5.46928e-15	98	3.79819e-14	0	0	0	2.08752	2.08752	0	0	3.20111e-06	3.20111e-06	0		
1	1	2	3	1.03		289.756	-6.27418e-06	-1.34047e-17	-0.00211113	0.0421678	-0.0126583	0	0	0	7.24447e-15	97	3.48972e-14	0	0	0	2.04514	2.04514	0	0	3.23248e-06	3.23248e-06	0		
1	1	2	4	1.04		289.759	-6.27423e-06	-1.15272e-16	-0.00208937	0.0417331	-0.0125278	0	0	0	8.45416e-15	96	4.15986e-14	0	0	0	2.00319	2.00319	0	0	3.26386e-06	3.26386e-06	0		
1	1	2	5	1.05		289.761	-6.27428e-06	5.10217e-17	-0.0020676	0.0412984	-0.0123973	0	0	0	5.46577e-15	95	3.93861e-14	0	0	0	1.96167	1.96167	0	0	3.29523e-06	3.29523e-06	0		
1	1	2	6	1.06		289.764	-6.27434e-06	1.24093e-16	-0.00204584	0.0408637	-0.0122668	0	0	0	4.13233e-15	94	3.63015e-14	0	0	0	1.92059	1.92059	0	0	3.3266e-06	3.3266e-06	0		
1	1	2	7	1.07		289.766	-6.27439e-06	1.65371e-17	-0.00202407	0.0404289	-0.0121363	0	0	0	5.46342e-15	93	4.3875e-14	0	0	0	1.87995	1.87995	0	0	3.35797e-06	3.35797e-06	0		
1	1	2	8	1.08		289.769	-6.27445e-06	6.09792e-17	-0.00200231	0.0399942	-0.0120058	0	0	0	5.78494e-15	92	4.34709e-14	0	0	0	1.83973	1.83973	0	0	3.38934e-06	3.38934e-06	0		
1	1	2	9	1.09		289.772	-6.2745e-06	5.25376e-17	-0.00198055	0.0395595	-0.0118753	0	0	0	5.54096e-15	91	3.8642e-14	0	0	0	1.79996	1.79996	0	0	3.42071e-06	3.42071e-06	0		
1	1	2	10	1.1		289.774	-6.27456e-06	7.26579e-17	-0.00195878	0.0391248	-0.0117448	0	0	0	3.07653e-15	90	2.67077e-14	0	0	0	1.76062	1.76062	0	0	3.45209e-06	3.45209e-06	0		
1	1	2	11	1.11		289.777	-6.27461e-06	2.18912e-16	-0.00193702	0.0386901	-0.0116143	0	0	0	5.49709e-15	89	2.89842e-14	0	0	0	1.72171	1.72171	0	0	3.48346e-06	3.48346e-06	0		
1	1	2	12	1.12		289.779	-6.27466e-06	-2.24688e-16	-0.00191525	0.0382553	-0.0114838	0	0	0	2.26589e-15	88	2.85801e-14	0	0	0	1.68324	1.68324	0	0	3.51483e-06	3.51483e-06	0		
1	1	2	13	1.13		289.782	-6.27472e-06	9.16949e-17	-0.00189349	0.0378206	-0.0113533	0	0	0	-1.28799e-15	87	2.19428e-14	0	0	0	1.6452	1.6452	0	0	3.54621e-06	3.54621e-06	0		
1	1	2	14	1.14		289.784	-6.27477e-06	-7.51061e-17	-0.00187172	0.0373859	-0.0112228	0	0	0	-2.62143e-15	86	2.24109e-14	0	0	0	1.60759	1.60759	0	0	3.57758e-06	3.57758e-06	0		
1	1	2	15	1.15		289.787	-6.27483e-06	-3.18738e-16	-0.00184996	0.0369512	-0.0110923	0	0	0	-5.23564e-16	85	2.20068e-14	0	0	0	1.57043	1.57043	0	0	3.60895e-06	3.60895e-06	0		
1	1	2	16	1.16		289.789	-6.27488e-06	6.03717e-17	-0.0018282	0.0365165	-0.0109618	0	0	0	-1.857e-15	84	2.24749e-14	0	0	0	1.53369	1.53369	0	0	3.64033e-06	3.64033e-06	0		
1	1	2	17	1.17		289.792	-6.27494e-06	-1.42724e-18	-0.00180643	0.0360817	-0.0108313	0	0	0	1.69454e-15	83	3.00484e-14	0	0	0	1.49739	1.49739	0	0	3.6717e-06	3.6717e-06	0		
1	1	2	18	1.18		289.794	-6.27499e-06	1.0336e-16	-0.00178467	0.035647	-0.0107008	0	0	0	-3.25797e-16	82	2.52195e-14	0	0	0	1.46153	1.46153	0	0	3.70308e-06	3.70308e-06	0		
1	1	2	19	1.19		289.797	-6.27504e-06	1.08434e-16	-0.0017629	0.0352123	-0.0105703	0	0	0	-1.78064e-15	81	2.48154e-14	0	0	0	1.4261	1.4261	0	0	3.73445e-06	3.73445e-06	0		
1	1	2	20	1.2		289.799	-6.2751e-06	4.97682e-17	-0.00174114	0.0347776	-0.0104398	0	0	0	-1.90322e-15	80	2.44114e-14	0	0	0	1.3911	1.3911	0	0	3.76583e-06	3.76583e-06	0		
1	1	2	21	1.21		289.802	-6.27515e-06	1.22958e-16	-0.00171937	0.0343429	-0.0103093	0	0	0	-1.13761e-15	79	2.04546e-14	0	0	0	1.35654	1.35654	0	0	3.7972e-06	3.7972e-06	0		
1	1	2	22	1.22		289.804	-6.27521e-06	-6.10117e-17	-0.00169761	0.0339081	-0.0101788	0	0	0	-2.47105e-15	78	2.09227e-14	0	0	0	1.32242	1.32242	0	0	3.82858e-06	3.82858e-06	0		
1	1	2	23	1.23		289.807	-6.27526e-06	3.16717e-16	-0.00167585	0.0334734	-0.0100483	0	0	0	-4.49139e-15	77	1.60937e-14	0	0	0	1.28873	1.28873	0	0	3.85995e-06	3.85995e-06	0		
1	1	2	24	1.24		289.809	-6.27532e-06	4.0473e-17	-0.00165408	0.0330387	-0.00991781	0	0	0	-1.26253e-15	76	2.45394e-14	0	0	0	1.25547	1.25547	0	0	3.89133e-06	3.89133e-06	0		
1	1	2	25	1.25		289.812	-6.27537e-06	5.35825e-18	-0.00163232	0.032604	-0.00978732	0	0	0	-1.38511e-15	75	2.41353e-14	0	0	0	1.22265	1.22265	0	0	3.92271e-06	3.92271e-06	0		
1	1	2	26	1.26		289.814	-6.27543e-06	-2.75359e-16	-0.00161055	0.0321693	-0.00965682	0	0	0	-9.42191e-16	74	2.46034e-14	0	0	0	1.19026	1.19026	0	0	3.95408e-06	3.95408e-06	0		
1	1	2	27	1.27		289.817	-6.27548e-06	2.60885e-16	-0.00158879	0.0317345	-0.00952632	0	0	0	-6.20677e-16	73	2.41994e-14	0	0	0	1.15831	1.15831	0	0	3.98546e-06	3.98546e-06	0		
1	1	2	28	1.28		289.819	-6.27553e-06	-3.0152e-16	-0.00156703	0.0312998	-0.00939582	0	0	0	-1.18734e-15	72	2.37953e-14	0	0	0	1.12679	1.12679	0	0	4.01684e-06	4.01684e-06	0		
1	1	2	29	1.29		289.822	-6.27559e-06	1.07282e-16	-0.00154526	0.0308651	-0.00926533	0	0	0	-2.52078e-15	71	2.07107e-14	0	0	0	1.09571	1.09571	0	0	4.04822e-06	4.04822e-06	0		
1	1	2	30	1.3		289.824	-6.27564e-06	1.30966e-16	-0.0015235	0.0304304	-0.00913483	0	0	0	-2.32067e-15	70	1.94345e-14	0	0	0	1.06506	1.06506	0	0	4.0796e-06	4.0796e-06	0		
1	1	2	31	1.31		289.827	-6.2757e-06	-7.1389e-17	-0.00150173	0.0299957	-0.00900433	0	0	0	-1.11098e-15	69	1.90304e-14	0	0	0	1.03485	1.03485	0	0	4.11097e-06	4.11097e-06	0		
1	1	2	32	1.32		289.829	-6.27575e-06	1.09967e-16	-0.00147997	0.0295609	-0.00887383	0	0	0	-9.90747e-16	68	2.03706e-14	0	0	0	1.00507	1.00507	0	0	4.14235e-06	4.14235e-06	0		
1	1	2	33	1.33		289.832	-6.27581e-06	-4.80205e-18	-0.0014582	0.0291262	-0.00874334	0	0	0	-4.46475e-15	67	1.11169e-14	0	0	0	0.975729	0.975729	0	0	4.17373e-06	4.17373e-06	0		
1	1	2	34	1.34		289.834	-6.27586e-06	-7.78446e-17	-0.00143644	0.0286915	-0.00861284	0	0	0	-1.15602e-15	66	1.33934e-14	0	0	0	0.94682	0.94682	0	0	4.20511e-06	4.20511e-06	0		
1	1	2	35	1.35		289.837	-6.27591e-06	2.4994e-16	-0.00141468	0.0282568	-0.00848234	0	0	0	-1.60128e-15	65	1.38615e-14	0	0	0	0.918346	0.918346	0	0	4.23649e-06	4.23649e-06	0		
1	1	2	36	1.36		289.839	-6.27597e-06	7.79817e-17	-0.00139291	0.0278221	-0.00835184	0	0	0	-2.28935e-15	64	1.25853e-14	0	0	0	0.890306	0.890306	0	0	4.26787e-06	4.26787e-06	0		
1	1	2	37	1.37		289.842	-6.27602e-06	9.76407e-18	-0.00137115	0.0273873	-0.00822135	0	0	0	-1.28094e-15	63	1.39255e-14	0	0	0	0.862702	0.862702	0	0	4.29925e-06	4.29925e-06	0		
1	1	2	38	1.38		289.844	-6.27608e-06	2.86976e-16	-0.00134938	0.0269526	-0.00809085	0	0	0	-9.59424e-16	62	1.35214e-14	0	0	0	0.835532	0.835532	0	0	4.33063e-06	4.33063e-06	0		
1	1	2	39	1.39		289.847	-6.27613e-06	-2.9061e-16	-0.00132762	0.0265179	-0.00796035	0	0	0	-5.16507e-16	61	1.04368e-14	0	0	0	0.808796	0.808796	0	0	4.36201e-06	4.36201e-06	0		
1	1	2	40	1.4		289.849	-6.27619e-06	1.26745e-16	-0.00130585	0.0260832	-0.00782985	0	0	0	2.49096e-16	60	1.35855e-14	0	0	0	0.782496	0.782496	0	0	4.39339e-06	4.39339e-06	0		
1	1	2	41	1.41		289.852	-6.27624e-06	2.63687e-17	-0.00128409	0.0256485	-0.00769936	0	0	0	-3.17569e-16	59	1.31814e-14	0	0	0	0.75663	0.75663	0	0	4.42477e-06	4.42477e-06	0		
1	1	2	42	1.42		289.854	-6.27629e-06	-2.65662e-16	-0.00126233	0.0252138	-0.00756886	0	0	0	7.7072e-16	58	1.19052e-14	0	0	0	0.731199	0.731199	0	0	4.45615e-06	4.45615e-06	0		
1	1	2	43	1.43		289.857	-6.27635e-06	-6.15667e-17	-0.00124056	0.024779	-0.00743836	0	0	0	1.09223e-15	57	1.15011e-14	0	0	0	0.706202	0.706202	0	0	4.48753e-06	4.48753e-06	0		
1	1	2	44	1.44		289.859	-6.2764e-06	3.06631e-16	-0.0012188	0.0243443	-0.00730786	0	0	0	-8.06698e-16	56	7.54436e-15	0	0	0	0.681641	0.681641	0	0	4.51892e-06	4.51892e-06	0		
1	1	2	45	1.45		289.862	-6.27646e-06	-1.94566e-16	-0.00119703	0.0239096	-0.00717737	0	0	0	-1.37336e-15	55	7.1403e-15	0	0	0	0.657514	0.657514	0	0	4.5503e-06	4.5503e-06	0		
1	1	2	46	1.46		289.864	-6.27651e-06	7.61047e-17	-0.00117527	0.0234749	-0.00704687	0	0	0	-1.65728e-15	54	5.39595e-15	0	0	0	0.633822	0.633822	0	0	4.58168e-06	4.58168e-06	0		
1	1	2	47	1.47		289.867	-6.27657e-06	-1.25165e-17	-0.0011535	0.0230402	-0.00691637	0	0	0	-4.40445e-15	53	1.90732e-15	0	0	0	0.610564	0.610564	0	0	4.61306e-06	4.61306e-06	0		
1	1	2	48	1.48		289.869	-6.27662e-06	-6.61978e-17	-0.00113174	0.0226054	-0.00678587	0	0	0	-6.30338e-15	52	-2.04946e-15	0	0	0	0.587741	0.587741	0	0	4.64445e-06	4.64445e-06	0		
1	1	2	49	1.49		289.872	-6.27668e-06	4.03419e-17	-0.00110998	0.0221707	-0.00665538	0	0	0	-3.47868e-15	51	3.31163e-15	0	0	0	0.565353	0.565353	0	0	4.67583e-06	4.67583e-06	0		
1	1	2	50	1.5		289.874	-6.27673e-06	-3.98154e-17	-0.00108821	0.021736	-0.00652488	0	0	0	-4.48943e-15	50	-6.45146e-16	0	0	0	0.5434	0.5434	0	0	4.70721e-06	4.70721e-06	0		
1	1	2	51	1.51		289.877	-6.27678e-06	-7.0852e-17	-0.00106645	0.0213013	-0.00639438	0	0	0	-5.66153e-15	49	-2.38949e-15	0	0	0	0.521881	0.521881	0	0	4.7386e-06	4.7386e-06	0		
1	1	2	52	1.52		289.879	-6.27684e-06	4.46753e-16	-0.00104468	0.0208666	-0.00626388	0	0	0	-4.73458e-15	48	-3.22962e-15	0	0	0	0.500797	0.500797	0	0	4.76998e-06	4.76998e-06	0		
1	1	2	53	1.53		289.882	-6.27689e-06	-2.85754e-17	-0.00102292	0.0204318	-0.00613339	0	0	0	-8.24853e-15	47	-9.39883e-15	0	0	0	0.480148	0.480148	0	0	4.80136e-06	4.80136e-06	0		
1	1	2	54	1.54		289.884	-6.27695e-06	-6.3233e-17	-0.00100116	0.0199971	-0.00600289	0	0	0	-5.58517e-15	46	-7.15438e-15	0	0	0	0.459934	0.459934	0	0	4.83275e-06	4.83275e-06	0		
1	1	2	55	1.55		289.887	-6.277e-06	-1.06733e-16	-0.000979391	0.0195624	-0.00587239	0	0	0	-1.10975e-14	45	-1.15472e-14	0	0	0	0.440154	0.440154	0	0	4.86413e-06	4.86413e-06	0		
1	1	2	56	1.56		289.89	-6.27706e-06	-1.34668e-17	-0.000957627	0.0191277	-0.00574189	0	0	0	-8.55555e-15	44	-1.01749e-14	0	0	0	0.420809	0.420809	0	0	4.89552e-06	4.89552e-06	0		
1	1	2	57	1.57		289.892	-6.27711e-06	1.60981e-16	-0.000935862	0.018693	-0.0056114	0	0	0	-1.05152e-14	43	-1.45678e-14	0	0	0	0.401898	0.401898	0	0	4.9269e-06	4.9269e-06	0		
1	1	2	58	1.58		289.895	-6.27716e-06	-3.62108e-16	-0.000914098	0.0182582	-0.0054809	0	0	0	-1.21921e-14	42	-1.67482e-14	0	0	0	0.383423	0.383423	0	0	4.95829e-06	4.95829e-06	0		
1	1	2	59	1.59		289.897	-6.27722e-06	1.40688e-16	-0.000892334	0.0178235	-0.0053504	0	0	0	-1.01948e-14	41	-1.27274e-14	0	0	0	0.365382	0.365382	0	0	4.98967e-06	4.98967e-06	0		
1	1	2	60	1.6		289.9	-6.27727e-06	1.22012e-16	-0.00087057	0.0173888	-0.0052199	0	0	0	-1.12056e-14	40	-1.31315e-14	0	0	0	0.347776	0.347776	0	0	5.02106e-06	5.02106e-06	0		
1	1	2	61	1.61		289.902	-6.27733e-06	3.9889e-17	-0.000848805	0.0169541	-0.00508941	0	0	0	-9.93521e-15	39	-9.54673e-15	0	0	0	0.330604	0.330604	0	0	5.05245e-06	5.05245e-06	0		
1	1	2	62	1.62		289.905	-6.27738e-06	-1.01536e-16	-0.000827041	0.0165194	-0.00495891	0	0	0	-8.16002e-15	38	-5.52593e-15	0	0	0	0.313868	0.313868	0	0	5.08383e-06	5.08383e-06	0		
1	1	2	63	1.63		289.907	-6.27744e-06	-1.77864e-16	-0.000805277	0.0160846	-0.00482841	0	0	0	-6.82893e-15	37	-3.28149e-15	0	0	0	0.297566	0.297566	0	0	5.11522e-06	5.11522e-06	0		
1	1	2	64	1.64		289.91	-6.27749e-06	1.40609e-16	-0.000783513	0.0156499	-0.00469791	0	0	0	-7.33489e-15	36	-5.02584e-15	0	0	0	0.281698	0.281698	0	0	5.14661e-06	5.14661e-06	0		
1	1	2	65	1.65		289.912	-6.27755e-06	1.16961e-16	-0.000761749	0.0152152	-0.00456741	0	0	0	-6.34724e-15	35	-3.65354e-15	0	0	0	0.266266	0.266266	0	0	5.178e-06	5.178e-06	0		
1	1	2	66	1.66		289.915	-6.2776e-06	-7.9151e-17	-0.000739984	0.0147805	-0.00443692	0	0	0	-8.18547e-15	34	-5.39788e-15	0	0	0	0.251268	0.251268	0	0	5.20938e-06	5.20938e-06	0		
1	1	2	67	1.67		289.917	-6.27765e-06	-4.37204e-17	-0.00071822	0.0143458	-0.00430642	0	0	0	-9.03488e-15	33	-8.01437e-15	0	0	0	0.236705	0.236705	0	0	5.24077e-06	5.24077e-06	0		
1	1	2	68	1.68		289.92	-6.27771e-06	1.00082e-16	-0.000696456	0.013911	-0.00417592	0	0	0	-8.04723e-15	32	-6.64208e-15	0	0	0	0.222577	0.222577	0	0	5.27216e-06	5.27216e-06	0		
1	1	2	69	1.69		289.922	-6.27776e-06	-2.23763e-16	-0.000674692	0.0134763	-0.00404542	0	0	0	-6.27205e-15	31	-4.39763e-15	0	0	0	0.208883	0.208883	0	0	5.30355e-06	5.30355e-06	0		
1	1	2	70	1.7		289.925	-6.27782e-06	-5.25549e-17	-0.000652927	0.0130416	-0.00391493	0	0	0	-7.18216e-15	30	-7.4502e-15	0	0	0	0.195624	0.195624	0	0	5.33494e-06	5.33494e-06	0		
1	1	2	71	1.71		289.927	-6.27787e-06	1.48487e-16	-0.000631163	0.0126069	-0.00378443	0	0	0	-6.6386e-15	29	-7.85426e-15	0	0	0	0.1828	0.1828	0	0	5.36633e-06	5.36633e-06	0		
1	1	2	72	1.72		289.93	-6.27793e-06	1.09464e-16	-0.000609399	0.0121722	-0.00365393	0	0	0	-9.04233e-15	28	-1.22471e-14	0	0	0	0.17041	0.17041	0	0	5.39772e-06	5.39772e-06	0		
1	1	2	73	1.73		289.932	-6.27798e-06	2.85516e-17	-0.000587635	0.0117374	-0.00352343	0	0	0	-6.74238e-15	27	-7.55616e-15	0	0	0	0.158455	0.158455	0	0	5.42911e-06	5.42911e-06	0		
1	1	2	74	1.74		289.935	-6.27803e-06	-1.65184e-18	-0.00056587	0.0113027	-0.00339294	0	0	0	-6.50154e-15	26	-6.85401e-15	0	0	0	0.146935	0.146935	0	0	5.4605e-06	5.4605e-06	0		
1	1	2	75	1.75		289.937	-6.27809e-06	-4.9824e-17	-0.000544106	0.010868	-0.00326244	0	0	0	-8.96596e-15	25	-1.16829e-14	0	0	0	0.13585	0.13585	0	0	5.49189e-06	5.49189e-06	0		
1	1	2	76	1.76		289.94	-6.27814e-06	1.52387e-16	-0.000522342	0.0104333	-0.00313194	0	0	0	-6.94876e-15	24	-1.00926e-14	0	0	0	0.125199	0.125199	0	0	5.52328e-06	5.52328e-06	0		
1	1	2	77	1.77		289.942	-6.2782e-06	3.52727e-17	-0.000500578	0.00999856	-0.00300144	0	0	0	-7.62645e-15	23	-1.13848e-14	0	0	0	0.114983	0.114983	0	0	5.55467e-06	5.55467e-06	0		
1	1	2	78	1.78		289.945	-6.27825e-06	-3.1619e-17	-0.000478813	0.00956384	-0.00287095	0	0	0	-9.80813e-15	22	-1.48895e-14	0	0	0	0.105202	0.105202	0	0	5.58606e-06	5.58606e-06	0		
1	1	2	79	1.79		289.947	-6.27831e-06	-3.23793e-16	-0.000457049	0.00912912	-0.00274045	0	0	0	-6.76138e-15	21	-1.13048e-14	0	0	0	0.0958557	0.0958557	0	0	5.61745e-06	5.61745e-06	0		
1	1	2	80	1.8		289.95	-6.27836e-06	-1.00161e-16	-0.000435285	0.0086944	-0.00260995	0	0	0	-7.32804e-15	20	-1.2597e-14	0	0	0	0.086944	0.086944	0	0	5.64884e-06	5.64884e-06	0		
1	1	2	81	1.81		289.952	-6.27842e-06	3.65503e-17	-0.000413521	0.00825968	-0.00247945	0	0	0	-7.00653e-15	19	-1.38892e-14	0	0	0	0.0784669	0.0784669	0	0	5.68023e-06	5.68023e-06	0		
1	1	2	82	1.82		289.955	-6.27847e-06	1.34003e-16	-0.000391756	0.00782496	-0.00234896	0	0	0	-8.60275e-15	18	-1.62877e-14	0	0	0	0.0704246	0.0704246	0	0	5.71162e-06	5.71162e-06	0		
1	1	2	83	1.83		289.957	-6.27852e-06	-3.50561e-18	-0.000369992	0.00739024	-0.00221846	0	0	0	-9.16941e-15	17	-1.75799e-14	0	0	0	0.062817	0.062817	0	0	5.74302e-06	5.74302e-06	0		
1	1	2	84	1.84		289.96	-6.27858e-06	2.40113e-18	-0.000348228	0.00695552	-0.00208796	0	0	0	-8.15141e-15	16	-1.59896e-14	0	0	0	0.0556441	0.0556441	0	0	5.77441e-06	5.77441e-06	0		
1	1	2	85	1.85		289.962	-6.27863e-06	1.05748e-17	-0.000326464	0.0065208	-0.00195746	0	0	0	-6.62862e-15	15	-1.39632e-14	0	0	0	0.048906	0.048906	0	0	5.8058e-06	5.8058e-06	0		
1	1	2	86	1.86		289.965	-6.27869e-06	1.68625e-16	-0.000304699	0.00608608	-0.00182697	0	0	0	-7.48802e-15	14	-1.49204e-14	0	0	0	0.0426025	0.0426025	0	0	5.8372e-06	5.8372e-06	0		
1	1	2	87	1.87		289.967	-6.27874e-06	-1.46003e-16	-0.000282935	0.00565136	-0.00169647	0	0	0	-7.49957e-15	13	-1.53244e-14	0	0	0	0.0367338	0.0367338	0	0	5.86859e-06	5.86859e-06	0		
1	1	2	88	1.88		289.97	-6.2788e-06	9.21439e-17	-0.000261171	0.00521664	-0.00156597	0	0	0	-9.42885e-15	12	-1.8167e-14	0	0	0	0.0312998	0.0312998	0	0	5.89998e-06	5.89998e-06	0		
1	1	2	89	1.89		289.972	-6.27885e-06	-2.43619e-16	-0.000239407	0.00478192	-0.00143547	0	0	0	-1.04548e-14	11	-2.00123e-14	0	0	0	0.0263006	0.0263006	0	0	5.93138e-06	5.93138e-06	0		
1	1	2	90	1.9		289.975	-6.2789e-06	3.7964e-17	-0.000217642	0.0043472	-0.00130498	0	0	0	-1.0547e-14	10	-2.01983e-14	0	0	0	0.021736	0.021736	0	0	5.96277e-06	5.96277e-06	0		
1	1	2	91	1.91		289.977	-6.27896e-06	-1.50759e-16	-0.000195878	0.00391248	-0.00117448	0	0	0	-9.37246e-15	9	-1.8725e-14	0	0	0	0.0176062	0.0176062	0	0	5.99417e-06	5.99417e-06	0		
1	1	2	92	1.92		289.98	-6.27901e-06	-4.35724e-17	-0.000174114	0.00347776	-0.00104398	0	0	0	-1.06608e-14	8	-2.09055e-14	0	0	0	0.013911	0.013911	0	0	6.02556e-06	6.02556e-06	0		
1	1	2	93	1.93		289.982	-6.27907e-06	8.20561e-17	-0.00015235	0.00304304	-0.000913483	0	0	0	-1.0753e-14	7	-2.06474e-14	0	0	0	0.0106506	0.0106506	0	0	6.05696e-06	6.05696e-06	0		
1	1	2	94	1.94		289.985	-6.27912e-06	-2.7764e-16	-0.000130585	0.00260832	-0.000782985	0	0	0	-9.64414e-15	6	-1.94466e-14	0	0	0	0.00782496	0.00782496	0	0	6.08835e-06	6.08835e-06	0		
1	1	2	95	1.95		289.987	-6.27918e-06	-1.44992e-16	-0.000108821	0.0021736	-0.000652488	0	0	0	-1.09275e-14	5	-2.13465e-14	0	0	0	0.005434	0.005434	0	0	6.11975e-06	6.11975e-06	0		
1	1	2	96	1.96		289.99	-6.27923e-06	8.10059e-17	-8.7057e-05	0.00173888	-0.00052199	0	0	0	-1.12166e-14	4	-2.19726e-14	0	0	0	0.00347776	0.00347776	0	0	6.15114e-06	6.15114e-06	0		
1	1	2	97	1.97		289.992	-6.27929e-06	-3.57429e-16	-6.52927e-05	0.00130416	-0.000391493	0	0	0	-1.03676e-14	3	-2.09666e-14	0	0	0	0.00195624	0.00195624	0	0	6.18254e-06	6.18254e-06	0		
1	1	2	98	1.98		289.995	-6.27934e-06	-1.05448e-16	-4.35285e-05	0.00086944	-0.000260995	0	0	0	-8.4159e-15	2	-1.83831e-14	0	0	0	0.000869442	0.000869442	0	0	6.21394e-06	6.21394e-06	0		
1	1	2	99	1.99		289.997	-6.27939e-06	2.32161e-16	-2.17642e-05	0.00043472	-0.000130498	0	0	0	-8.85197e-15	1	-1.93014e-14	0	0	0	0.000217363	0.000217363	0	0	6.24533e-06	6.24533e-06	0		
1	1	2	100	2		290	-6.27945e-06	3.78681e-17	2.17553e-11	5.43882e-11	5.43882e-11	0	0	0	-8.18705e-15	-1.21068e-13	-1.86836e-14	0	0	0	2.71863e-09	2.71863e-09	0	0	6.27673e-06	6.27673e-06	0		
