1	1	1	1	0.01		289.986	-1.43456e-07	1.43456e-07	0.0002	-4.01689e-05	-4.01689e-05	0	0	0	14.0099	1.75129e-14	1.72049e-14	0	0	0	0.00140099	0.00140099	0	0	9.84561e-07	9.84561e-07	0		
1	1	1	2	0.02		289.972	6.73082e-12	-6.73082e-12	0.0004	-8.03378e-05	-8.03378e-05	0	0	0	28.0197	-2.41114e-14	-2.53912e-14	0	0	0	0.00560394	0.00560394	0	0	1.97051e-06	1.97051e-06	0		
1	1	1	3	0.03		289.958	6.73384e-12	-6.73384e-12	0.0006	-0.000120507	-0.000120507	0	0	0	42.0296	-2.45657e-14	-2.54322e-14	0	0	0	0.0126089	0.0126089	0	0	2.95641e-06	2.95641e-06	0		
1	1	1	4	0.04		289.944	6.73347e-12	-6.73347e-12	0.0008	-0.000160676	-0.000160676	0	0	0	56.0394	-2.17263e-14	-2.29565e-14	0	0	0	0.0224158	0.0224158	0	0	3.94226e-06	3.94226e-06	0		
1	1	1	5	0.05		289.93	6.7324e-12	-6.7324e-12	0.001	-0.000200844	-0.000200844	0	0	0	70.0493	-6.74997e-14	-6.7494e-14	0	0	0	0.0350246	0.0350246	0	0	4.92807e-06	4.92807e-06	0		
1	1	1	6	0.06		289.916	6.733e-12	-6.733e-12	0.0012	-0.000241013	-0.000241013	0	0	0	84.0591	-4.4724e-14	-4.38928e-14	0	0	0	0.0504355	0.0504355	0	0	5.91382e-06	5.91382e-06	0		
1	1	1	7	0.07		289.901	6.73126e-12	-6.73126e-12	0.0014	-0.000281182	-0.000281182	0	0	0	98.069	-7.18823e-14	-7.08135e-14	0	0	0	0.0686483	0.0686483	0	0	6.89953e-06	6.89953e-06	0		
1	1	1	8	0.08		289.887	6.73201e-12	-6.73201e-12	0.0016	-0.000321351	-0.000321351	0	0	0	112.079	-8.64307e-14	-8.28222e-14	0	0	0	0.0896631	0.0896631	0	0	7.88519e-06	7.88519e-06	0		
1	1	1	9	0.09		289.873	6.72924e-12	-6.72924e-12	0.0018	-0.00036152	-0.00036152	0	0	0	126.089	-8.78222e-14	-8.48353e-14	0	0	0	0.11348	0.11348	0	0	8.8708e-06	8.8708e-06	0		
1	1	1	10	0.1		289.859	6.72965e-12	-6.72965e-12	0.002	-0.000401689	-0.000401689	0	0	0	140.099	-1.39897e-13	-1.36817e-13	0	0	0	0.140099	0.140099	0	0	9.85637e-06	9.85637e-06	0		
1	1	1	11	0.11		289.845	6.73052e-12	-6.73052e-12	0.0022	-0.000441857	-0.000441857	0	0	0	154.108	-1.0901e-13	-1.02083e-13	0	0	0	0.169519	0.169519	0	0	1.08419e-05	1.08419e-05	0		
1	1	1	12	0.12		289.831	6.72937e-12	-6.72937e-12	0.0024	-0.000482026	-0.000482026	0	0	0	168.118	-1.22382e-13	-1.20046e-13	0	0	0	0.201742	0.201742	0	0	1.18274e-05	1.18274e-05	0		
1	1	1	13	0.13		289.817	6.72949e-12	-6.72949e-12	0.0026	-0.000522195	-0.000522195	0	0	0	182.128	-1.71923e-13	-1.6189e-13	0	0	0	0.236766	0.236766	0	0	1.28128e-05	1.28128e-05	0		
1	1	1	14	0.14		289.803	6.72633e-12	-6.72633e-12	0.0028	-0.000562364	-0.000562364	0	0	0	196.138	-1.91536e-13	-1.83499e-13	0	0	0	0.274593	0.274593	0	0	1.37981e-05	1.37981e-05	0		
1	1	1	15	0.15		289.789	6.72845e-12	-6.72845e-12	0.003	-0.000602533	-0.000602533	0	0	0	210.148	-1.87057e-13	-1.79793e-13	0	0	0	0.315222	0.315222	0	0	1.47835e-05	1.47835e-05	0		
1	1	1	16	0.16		289.775	6.72785e-12	-6.72785e-12	0.0032	-0.000642701	-0.000642701	0	0	0	224.158	-1.54054e-13	-1.40152e-13	0	0	0	0.358652	0.358652	0	0	1.57688e-05	1.57688e-05	0		
1	1	1	17	0.17		289.761	6.72564e-12	-6.72564e-12	0.0034	-0.00068287	-0.00068287	0	0	0	238.167	-9.13165e-14	-8.10491e-14	0	0	0	0.404885	0.404885	0	0	1.6754e-05	1.6754e-05	0		
1	1	1	18	0.18		289.747	6.72383e-12	-6.72383e-12	0.0036	-0.000723039	-0.000723039	0	0	0	252.177	-8.08878e-14	-7.48614e-14	0	0	0	0.453919	0.453919	0	0	1.77392e-05	1.77392e-05	0		
1	1	1	19	0.19		289.733	6.72461e-12	-6.72461e-12	0.0038	-0.000763208	-0.000763208	0	0	0	266.187	-9.92453e-14	-9.1448e-14	0	0	0	0.505756	0.505756	0	0	1.87243e-05	1.87243e-05	0		
1	1	1	20	0.2		289.719	6.72186e-12	-6.72186e-12	0.004	-0.000803376	-0.000803376	0	0	0	280.197	-1.26751e-13	-1.16206e-13	0	0	0	0.560394	0.560394	0	0	1.97094e-05	1.97094e-05	0		
1	1	1	21	0.21		289.705	6.72173e-12	-6.72173e-12	0.0042	-0.000843545	-0.000843545	0	0	0	294.207	-1.28443e-13	-1.15869e-13	0	0	0	0.617834	0.617834	0	0	2.06944e-05	2.06944e-05	0		
1	1	1	22	0.22		289.691	6.72179e-12	-6.72179e-12	0.0044	-0.000883714	-0.000883714	0	0	0	308.217	-1.36413e-13	-1.33536e-13	0	0	0	0.678077	0.678077	0	0	2.16794e-05	2.16794e-05	0		
1	1	1	23	0.23		289.676	6.72098e-12	-6.72098e-12	0.0046	-0.000923883	-0.000923883	0	0	0	322.226	-1.06934e-13	-1.15096e-13	0	0	0	0.741121	0.741121	0	0	2.26644e-05	2.26644e-05	0		
1	1	1	24	0.24		289.662	6.7211e-12	-6.7211e-12	0.0048	-0.000964051	-0.000964051	0	0	0	336.236	-1.05066e-13	-1.21838e-13	0	0	0	0.806967	0.806967	0	0	2.36492e-05	2.36492e-05	0		
1	1	1	25	0.25		289.648	6.72127e-12	-6.72127e-12	0.005	-0.00100422	-0.00100422	0	0	0	350.246	-8.38643e-14	-9.38726e-14	0	0	0	0.875616	0.875616	0	0	2.46341e-05	2.46341e-05	0		
1	1	1	26	0.26		289.634	6.72022e-12	-6.72022e-12	0.0052	-0.00104439	-0.00104439	0	0	0	364.256	-7.29779e-14	-7.87488e-14	0	0	0	0.947066	0.947066	0	0	2.56189e-05	2.56189e-05	0		
1	1	1	27	0.27		289.62	6.71987e-12	-6.71987e-12	0.0054	-0.00108456	-0.00108456	0	0	0	378.266	-6.07529e-14	-7.24814e-14	0	0	0	1.02132	1.02132	0	0	2.66036e-05	2.66036e-05	0		
1	1	1	28	0.28		289.606	6.71936e-12	-6.71936e-12	0.0056	-0.00112473	-0.00112473	0	0	0	392.276	-6.41911e-14	-7.20233e-14	0	0	0	1.09837	1.09837	0	0	2.75883e-05	2.75883e-05	0		
1	1	1	29	0.29		289.592	6.71873e-12	-6.71873e-12	0.0058	-0.00116489	-0.00116489	0	0	0	406.286	-3.70745e-15	-6.1896e-16	0	0	0	1.17823	1.17823	0	0	2.8573e-05	2.8573e-05	0		
1	1	1	30	0.3		289.578	6.71702e-12	-6.71702e-12	0.006	-0.00120506	-0.00120506	0	0	0	420.295	-6.28122e-14	-5.22967e-14	0	0	0	1.26089	1.26089	0	0	2.95576e-05	2.95576e-05	0		
1	1	1	31	0.31		289.564	6.71766e-12	-6.71766e-12	0.0062	-0.00124523	-0.00124523	0	0	0	434.305	-1.19288e-13	-1.07668e-13	0	0	0	1.34635	1.34635	0	0	3.05422e-05	3.05422e-05	0		
1	1	1	32	0.32		289.55	6.71517e-12	-6.71517e-12	0.0064	-0.0012854	-0.0012854	0	0	0	448.315	-1.0776e-13	-8.99778e-14	0	0	0	1.43461	1.43461	0	0	3.15267e-05	3.15267e-05	0		
1	1	1	33	0.33		289.536	6.71532e-12	-6.71532e-12	0.0066	-0.00132557	-0.00132557	0	0	0	462.325	-1.51577e-13	-1.23138e-13	0	0	0	1.52567	1.52567	0	0	3.25111e-05	3.25111e-05	0		
1	1	1	34	0.34		289.522	6.71452e-12	-6.71452e-12	0.0068	-0.00136574	-0.00136574	0	0	0	476.335	-1.54718e-13	-1.21491e-13	0	0	0	1.61954	1.61954	0	0	3.34956e-05	3.34956e-05	0		
1	1	1	35	0.35		289.508	6.71508e-12	-6.71508e-12	0.007	-0.00140591	-0.00140591	0	0	0	490.345	-1.50386e-13	-1.18375e-13	0	0	0	1.71621	1.71621	0	0	3.44799e-05	3.44799e-05	0		
1	1	1	36	0.36		289.494	6.71247e-12	-6.71247e-12	0.0072	-0.00144608	-0.00144608	0	0	0	504.354	-1.83107e-13	-1.49784e-13	0	0	0	1.81568	1.81568	0	0	3.54642e-05	3.54642e-05	0		
1	1	1	37	0.37		289.48	6.71242e-12	-6.71242e-12	0.0074	-0.00148624	-0.00148624	0	0	0	518.364	-1.63536e-13	-1.14132e-13	0	0	0	1.91795	1.91795	0	0	3.64485e-05	3.64485e-05	0		
1	1	1	38	0.38		289.466	6.71125e-12	-6.71125e-12	0.0076	-0.00152641	-0.00152641	0	0	0	532.374	-1.182e-13	-7.48952e-14	0	0	0	2.02302	2.02302	0	0	3.74327e-05	3.74327e-05	0		
1	1	1	39	0.39		289.452	6.70993e-12	-6.70993e-12	0.0078	-0.00156658	-0.00156658	0	0	0	546.384	-6.83166e-14	-3.1682e-14	0	0	0	2.1309	2.1309	0	0	3.84169e-05	3.84169e-05	0		
1	1	1	40	0.4		289.438	6.71079e-12	-6.71079e-12	0.008	-0.00160675	-0.00160675	0	0	0	560.394	-6.84064e-14	-3.20412e-14	0	0	0	2.24158	2.24158	0	0	3.9401e-05	3.9401e-05	0		
1	1	1	41	0.41		289.423	6.70892e-12	-6.70892e-12	0.0082	-0.00164692	-0.00164692	0	0	0	574.404	-3.88841e-14	7.82943e-16	0	0	0	2.35506	2.35506	0	0	4.03851e-05	4.03851e-05	0		
1	1	1	42	0.42		289.409	6.70982e-12	-6.70982e-12	0.0084	-0.00168709	-0.00168709	0	0	0	588.413	1.19157e-14	7.60847e-14	0	0	0	2.47134	2.47134	0	0	4.13692e-05	4.13692e-05	0		
1	1	1	43	0.43		289.395	6.71126e-12	-6.71126e-12	0.0086	-0.00172726	-0.00172726	0	0	0	602.423	-2.86974e-14	5.57407e-14	0	0	0	2.59042	2.59042	0	0	4.23531e-05	4.23531e-05	0		
1	1	1	44	0.44		289.381	6.70764e-12	-6.70764e-12	0.0088	-0.00176742	-0.00176742	0	0	0	616.433	7.01577e-15	8.49065e-14	0	0	0	2.71231	2.71231	0	0	4.33371e-05	4.33371e-05	0		
1	1	1	45	0.45		289.367	6.70601e-12	-6.70601e-12	0.009	-0.00180759	-0.00180759	0	0	0	630.443	-4.6926e-14	3.96696e-14	0	0	0	2.83699	2.83699	0	0	4.4321e-05	4.4321e-05	0		
1	1	1	46	0.46		289.353	6.7059e-12	-6.7059e-12	0.0092	-0.00184776	-0.00184776	0	0	0	644.453	-7.40833e-14	1.63057e-14	0	0	0	2.96448	2.96448	0	0	4.53048e-05	4.53048e-05	0		
1	1	1	47	0.47		289.339	6.70557e-12	-6.70557e-12	0.0094	-0.00188793	-0.00188793	0	0	0	658.463	-8.7007e-14	-6.96729e-15	0	0	0	3.09477	3.09477	0	0	4.62886e-05	4.62886e-05	0		
1	1	1	48	0.48		289.325	6.70418e-12	-6.70418e-12	0.0096	-0.0019281	-0.0019281	0	0	0	672.472	-1.2667e-13	-5.19312e-14	0	0	0	3.22787	3.22787	0	0	4.72724e-05	4.72724e-05	0		
1	1	1	49	0.49		289.311	6.70371e-12	-6.70371e-12	0.0098	-0.00196827	-0.00196827	0	0	0	686.482	-1.60335e-13	-7.29067e-14	0	0	0	3.36376	3.36376	0	0	4.82561e-05	4.82561e-05	0		
1	1	1	50	0.5		289.297	6.70198e-12	-6.70198e-12	0.01	-0.00200844	-0.00200844	0	0	0	700.492	-5.89152e-14	4.85564e-14	0	0	0	3.50246	3.50246	0	0	4.92397e-05	4.92397e-05	0		
1	1	1	51	0.51		289.283	6.70321e-12	-6.70321e-12	0.0102	-0.0020486	-0.0020486	0	0	0	714.502	-9.16139e-14	3.14483e-14	0	0	0	3.64396	3.64396	0	0	5.02233e-05	5.02233e-05	0		
1	1	1	52	0.52		289.269	6.70414e-12	-6.70414e-12	0.0104	-0.00208877	-0.00208877	0	0	0	728.512	-5.82887e-14	7.9484e-14	0	0	0	3.78826	3.78826	0	0	5.12069e-05	5.12069e-05	0		
1	1	1	53	0.53		289.255	6.70268e-12	-6.70268e-12	0.0106	-0.00212894	-0.00212894	0	0	0	742.522	-7.80718e-14	5.71949e-14	0	0	0	3.93537	3.93537	0	0	5.21904e-05	5.21904e-05	0		
1	1	1	54	0.54		289.241	6.70108e-12	-6.70108e-12	0.0108	-0.00216911	-0.00216911	0	0	0	756.531	-1.00893e-13	2.27549e-14	0	0	0	4.08527	4.08527	0	0	5.31738e-05	5.31738e-05	0		
1	1	1	55	0.55		289.227	6.70225e-12	-6.70225e-12	0.011	-0.00220928	-0.00220928	0	0	0	770.541	-3.31899e-14	6.61925e-14	0	0	0	4.23798	4.23798	0	0	5.41572e-05	5.41572e-05	0		
1	1	1	56	0.56		289.213	6.69958e-12	-6.69958e-12	0.0112	-0.00224945	-0.00224945	0	0	0	784.551	-2.38447e-14	7.51514e-14	0	0	0	4.39349	4.39349	0	0	5.51406e-05	5.51406e-05	0		
1	1	1	57	0.57		289.199	6.7002e-12	-6.7002e-12	0.0114	-0.00228961	-0.00228961	0	0	0	798.561	-4.85537e-14	6.15806e-14	0	0	0	4.5518	4.5518	0	0	5.61239e-05	5.61239e-05	0		
1	1	1	58	0.58		289.185	6.69912e-12	-6.69912e-12	0.0116	-0.00232978	-0.00232978	0	0	0	812.571	-8.43406e-14	3.69795e-15	0	0	0	4.71291	4.71291	0	0	5.71072e-05	5.71072e-05	0		
1	1	1	59	0.59		289.171	6.69959e-12	-6.69959e-12	0.0118	-0.00236995	-0.00236995	0	0	0	826.58	-8.02767e-14	1.99535e-14	0	0	0	4.87683	4.87683	0	0	5.80904e-05	5.80904e-05	0		
1	1	1	60	0.6		289.157	6.69599e-12	-6.69599e-12	0.012	-0.00241012	-0.00241012	0	0	0	840.59	-1.16844e-13	-1.26268e-14	0	0	0	5.04354	5.04354	0	0	5.90736e-05	5.90736e-05	0		
1	1	1	61	0.61		289.143	6.69569e-12	-6.69569e-12	0.0122	-0.00245029	-0.00245029	0	0	0	854.6	-1.47094e-13	-4.83635e-14	0	0	0	5.21306	5.21306	0	0	6.00567e-05	6.00567e-05	0		
1	1	1	62	0.62		289.129	6.69645e-12	-6.69645e-12	0.0124	-0.00249046	-0.00249046	0	0	0	868.61	-1.4407e-13	-3.62682e-14	0	0	0	5.38538	5.38538	0	0	6.10398e-05	6.10398e-05	0		
1	1	1	63	0.63		289.115	6.69487e-12	-6.69487e-12	0.0126	-0.00253062	-0.00253062	0	0	0	882.62	-1.27428e-13	-2.65444e-14	0	0	0	5.56051	5.56051	0	0	6.20228e-05	6.20228e-05	0		
1	1	1	64	0.64		289.101	6.69379e-12	-6.69379e-12	0.0128	-0.00257079	-0.00257079	0	0	0	896.63	-1.51025e-13	-3.56651e-14	0	0	0	5.73843	5.73843	0	0	6.30058e-05	6.30058e-05	0		
1	1	1	65	0.65		289.087	6.6935e-12	-6.6935e-12	0.013	-0.00261096	-0.00261096	0	0	0	910.639	-1.03964e-13	1.04709e-14	0	0	0	5.91916	5.91916	0	0	6.39887e-05	6.39887e-05	0		
1	1	1	66	0.66		289.073	6.6926e-12	-6.6926e-12	0.0132	-0.00265113	-0.00265113	0	0	0	924.649	-6.98501e-14	6.166e-14	0	0	0	6.10269	6.10269	0	0	6.49716e-05	6.49716e-05	0		
1	1	1	67	0.67		289.058	6.6918e-12	-6.6918e-12	0.0134	-0.0026913	-0.0026913	0	0	0	938.659	-1.18079e-13	3.92767e-14	0	0	0	6.28902	6.28902	0	0	6.59544e-05	6.59544e-05	0		
1	1	1	68	0.68		289.044	6.68926e-12	-6.68926e-12	0.0136	-0.00273147	-0.00273147	0	0	0	952.669	-1.66175e-13	-1.09993e-14	0	0	0	6.47815	6.47815	0	0	6.69372e-05	6.69372e-05	0		
1	1	1	69	0.69		289.03	6.69055e-12	-6.69055e-12	0.0138	-0.00277164	-0.00277164	0	0	0	966.679	-1.94286e-13	-3.81797e-14	0	0	0	6.67009	6.67009	0	0	6.792e-05	6.792e-05	0		
1	1	1	70	0.7		289.016	6.68984e-12	-6.68984e-12	0.014	-0.0028118	-0.0028118	0	0	0	980.689	-1.94974e-13	-4.09335e-14	0	0	0	6.86482	6.86482	0	0	6.89027e-05	6.89027e-05	0		
1	1	1	71	0.71		289.002	6.69036e-12	-6.69036e-12	0.0142	-0.00285197	-0.00285197	0	0	0	994.698	-1.76809e-13	-2.51159e-14	0	0	0	7.06236	7.06236	0	0	6.98853e-05	6.98853e-05	0		
1	1	1	72	0.72		288.988	6.69119e-12	-6.69119e-12	0.0144	-0.00289214	-0.00289214	0	0	0	1008.71	-1.45236e-13	1.59131e-14	0	0	0	7.2627	7.2627	0	0	7.08679e-05	7.08679e-05	0		
1	1	1	73	0.73		288.974	6.6869e-12	-6.6869e-12	0.0146	-0.00293231	-0.00293231	0	0	0	1022.72	-8.8834e-14	7.09895e-14	0	0	0	7.46584	7.46584	0	0	7.18505e-05	7.18505e-05	0		
1	1	1	74	0.74		288.96	6.68876e-12	-6.68876e-12	0.0148	-0.00297248	-0.00297248	0	0	0	1036.73	-1.40947e-13	4.64454e-15	0	0	0	7.67179	7.67179	0	0	7.2833e-05	7.2833e-05	0		
1	1	1	75	0.75		288.946	6.68797e-12	-6.68797e-12	0.015	-0.00301264	-0.00301264	0	0	0	1050.74	-1.86229e-13	-3.43735e-14	0	0	0	7.88054	7.88054	0	0	7.38154e-05	7.38154e-05	0		
1	1	1	76	0.76		288.932	6.68691e-12	-6.68691e-12	0.0152	-0.00305281	-0.00305281	0	0	0	1064.75	-1.52434e-13	-1.28799e-14	0	0	0	8.09208	8.09208	0	0	7.47978e-05	7.47978e-05	0		
1	1	1	77	0.77		288.918	6.68726e-12	-6.68726e-12	0.0154	-0.00309298	-0.00309298	0	0	0	1078.76	-1.08956e-13	4.73437e-14	0	0	0	8.30643	8.30643	0	0	7.57802e-05	7.57802e-05	0		
1	1	1	78	0.78		288.904	6.68482e-12	-6.68482e-12	0.0156	-0.00313315	-0.00313315	0	0	0	1092.77	-6.12418e-14	9.60933e-14	0	0	0	8.52359	8.52359	0	0	7.67625e-05	7.67625e-05	0		
1	1	1	79	0.79		288.89	6.68559e-12	-6.68559e-12	0.0158	-0.00317332	-0.00317332	0	0	0	1106.78	-1.42633e-13	-2.09964e-15	0	0	0	8.74354	8.74354	0	0	7.77448e-05	7.77448e-05	0		
1	1	1	80	0.8		288.876	6.68442e-12	-6.68442e-12	0.016	-0.00321349	-0.00321349	0	0	0	1120.79	-9.61452e-14	7.01667e-14	0	0	0	8.9663	8.9663	0	0	7.8727e-05	7.8727e-05	0		
1	1	1	81	0.81		288.862	6.68497e-12	-6.68497e-12	0.0162	-0.00325365	-0.00325365	0	0	0	1134.8	-7.64364e-14	9.21585e-14	0	0	0	9.19186	9.19186	0	0	7.97092e-05	7.97092e-05	0		
1	1	1	82	0.82		288.848	6.68252e-12	-6.68252e-12	0.0164	-0.00329382	-0.00329382	0	0	0	1148.81	-3.07819e-14	1.6109e-13	0	0	0	9.42022	9.42022	0	0	8.06913e-05	8.06913e-05	0		
1	1	1	83	0.83		288.834	6.68334e-12	-6.68334e-12	0.0166	-0.00333399	-0.00333399	0	0	0	1162.82	-3.8336e-14	1.30873e-13	0	0	0	9.65138	9.65138	0	0	8.16734e-05	8.16734e-05	0		
1	1	1	84	0.84		288.82	6.68235e-12	-6.68235e-12	0.0168	-0.00337416	-0.00337416	0	0	0	1176.83	-1.26428e-14	1.76802e-13	0	0	0	9.88534	9.88534	0	0	8.26554e-05	8.26554e-05	0		
1	1	1	85	0.85		288.806	6.68074e-12	-6.68074e-12	0.017	-0.00341433	-0.00341433	0	0	0	1190.84	-4.53081e-16	2.25561e-13	0	0	0	10.1221	10.1221	0	0	8.36374e-05	8.36374e-05	0		
1	1	1	86	0.86		288.792	6.67996e-12	-6.67996e-12	0.0172	-0.0034545	-0.0034545	0	0	0	1204.85	2.96421e-14	2.32255e-13	0	0	0	10.3617	10.3617	0	0	8.46193e-05	8.46193e-05	0		
1	1	1	87	0.87		288.778	6.6809e-12	-6.6809e-12	0.0174	-0.00349466	-0.00349466	0	0	0	1218.86	1.00447e-14	1.53866e-13	0	0	0	10.604	10.604	0	0	8.56012e-05	8.56012e-05	0		
1	1	1	88	0.88		288.764	6.67868e-12	-6.67868e-12	0.0176	-0.00353483	-0.00353483	0	0	0	1232.87	1.38581e-14	1.69119e-13	0	0	0	10.8492	10.8492	0	0	8.6583e-05	8.6583e-05	0		
1	1	1	89	0.89		288.75	6.67845e-12	-6.67845e-12	0.0178	-0.003575	-0.003575	0	0	0	1246.88	-2.60467e-14	1.23187e-13	0	0	0	11.0972	11.0972	0	0	8.75648e-05	8.75648e-05	0		
1	1	1	90	0.9		288.736	6.67714e-12	-6.67714e-12	0.018	-0.00361517	-0.00361517	0	0	0	1260.88	-4.49991e-14	1.04221e-13	0	0	0	11.348	11.348	0	0	8.85465e-05	8.85465e-05	0		
1	1	1	91	0.91		288.722	6.67733e-12	-6.67733e-12	0.0182	-0.00365534	-0.00365534	0	0	0	1274.89	-1.68993e-14	1.02933e-13	0	0	0	11.6015	11.6015	0	0	8.95282e-05	8.95282e-05	0		
1	1	1	92	0.92		288.708	6.67813e-12	-6.67813e-12	0.0184	-0.0036955	-0.0036955	0	0	0	1288.9	-1.87161e-14	9.56659e-14	0	0	0	11.8579	11.8579	0	0	9.05099e-05	9.05099e-05	0		
1	1	1	93	0.93		288.694	6.67605e-12	-6.67605e-12	0.0186	-0.00373567	-0.00373567	0	0	0	1302.91	1.25047e-14	1.63706e-13	0	0	0	12.1171	12.1171	0	0	9.14915e-05	9.14915e-05	0		
1	1	1	94	0.94		288.68	6.67469e-12	-6.67469e-12	0.0188	-0.00377584	-0.00377584	0	0	0	1316.92	6.8194e-14	2.15932e-13	0	0	0	12.3791	12.3791	0	0	9.2473e-05	9.2473e-05	0		
1	1	1	95	0.95		288.666	6.67561e-12	-6.67561e-12	0.019	-0.00381601	-0.00381601	0	0	0	1330.93	9.76191e-14	2.19946e-13	0	0	0	12.6439	12.6439	0	0	9.34545e-05	9.34545e-05	0		
1	1	1	96	0.96		288.652	6.67343e-12	-6.67343e-12	0.0192	-0.00385618	-0.00385618	0	0	0	1344.94	1.06422e-13	1.98314e-13	0	0	0	12.9115	12.9115	0	0	9.4436e-05	9.4436e-05	0		
1	1	1	97	0.97		288.638	6.6733e-12	-6.6733e-12	0.0194	-0.00389635	-0.00389635	0	0	0	1358.95	1.45531e-13	2.97907e-13	0	0	0	13.1819	13.1819	0	0	9.54174e-05	9.54174e-05	0		
1	1	1	98	0.98		288.624	6.67388e-12	-6.67388e-12	0.0196	-0.00393651	-0.00393651	0	0	0	1372.96	1.24236e-13	3.26414e-13	0	0	0	13.455	13.455	0	0	9.63987e-05	9.63987e-05	0		
1	1	1	99	0.99		288.61	6.67321e-12	-6.67321e-12	0.0198	-0.00397668	-0.00397668	0	0	0	1386.97	1.76545e-13	3.65121e-13	0	0	0	13.731	13.731	0	0	9.73801e-05	9.73801e-05	0		
1	1	1	100	1		288.596	6.6704e-12	-6.6704e-12	0.02	-0.00401685	-0.00401685	0	0	0	1400.98	1.63338e-13	3.69133e-13	0	0	0	14.0098	14.0098	0	0	9.83613e-05	9.83613e-05	0		
1	1	2	1	1.01		288.61	-6.67212e-12	6.67212e-12	0.0198	-0.00397668	-0.00397668	0	0	0	1386.97	1.87528e-13	4.09052e-13	0	0	0	13.731	13.731	0	0	9.93426e-05	9.93426e-05	0		
1	1	2	2	1.02		288.624	-6.67223e-12	6.67223e-12	0.0196	-0.00393651	-0.00393651	0	0	0	1372.96	1.71303e-13	4.00996e-13	0	0	0	13.455	13.455	0	0	0.000100324	0.000100324	0		
1	1	2	3	1.03		288.638	-6.67357e-12	6.67357e-12	0.0194	-0.00389635	-0.00389635	0	0	0	1358.95	1.43222e-13	3.45513e-13	0	0	0	13.1819	13.1819	0	0	0.000101305	0.000101305	0		
1	1	2	4	1.04		288.652	-6.67259e-12	6.67259e-12	0.0192	-0.00385618	-0.00385618	0	0	0	1344.94	1.59794e-13	3.54957e-13	0	0	0	12.9115	12.9115	0	0	0.000102287	0.000102287	0		
1	1	2	5	1.05		288.666	-6.67289e-12	6.67289e-12	0.019	-0.00381601	-0.00381601	0	0	0	1330.93	1.18556e-13	3.03694e-13	0	0	0	12.6439	12.6439	0	0	0.000103268	0.000103268	0		
1	1	2	6	1.06		288.68	-6.67511e-12	6.67511e-12	0.0188	-0.00377584	-0.00377584	0	0	0	1316.92	1.47543e-13	3.05956e-13	0	0	0	12.3791	12.3791	0	0	0.000104249	0.000104249	0		
1	1	2	7	1.07		288.694	-6.67492e-12	6.67492e-12	0.0186	-0.00373567	-0.00373567	0	0	0	1302.91	8.4325e-14	2.80456e-13	0	0	0	12.1171	12.1171	0	0	0.000105231	0.000105231	0		
1	1	2	8	1.08		288.708	-6.67598e-12	6.67598e-12	0.0184	-0.0036955	-0.0036955	0	0	0	1288.9	7.1146e-14	2.84584e-13	0	0	0	11.8579	11.8579	0	0	0.000106213	0.000106213	0		
1	1	2	9	1.09		288.722	-6.67723e-12	6.67723e-12	0.0182	-0.00365534	-0.00365534	0	0	0	1274.89	1.10328e-13	3.27627e-13	0	0	0	11.6015	11.6015	0	0	0.000107194	0.000107194	0		
1	1	2	10	1.1		288.736	-6.67687e-12	6.67687e-12	0.018	-0.00361517	-0.00361517	0	0	0	1260.88	1.36732e-13	3.76399e-13	0	0	0	11.348	11.348	0	0	0.000108176	0.000108176	0		
1	1	2	11	1.11		288.75	-6.67972e-12	6.67972e-12	0.0178	-0.003575	-0.003575	0	0	0	1246.88	1.38938e-13	3.85223e-13	0	0	0	11.0972	11.0972	0	0	0.000109157	0.000109157	0		
1	1	2	12	1.12		288.764	-6.67884e-12	6.67884e-12	0.0176	-0.00353483	-0.00353483	0	0	0	1232.87	5.44606e-14	2.74686e-13	0	0	0	10.8492	10.8492	0	0	0.000110139	0.000110139	0		
1	1	2	13	1.13		288.778	-6.68001e-12	6.68001e-12	0.0174	-0.00349466	-0.00349466	0	0	0	1218.86	1.01439e-13	3.48912e-13	0	0	0	10.604	10.604	0	0	0.000111121	0.000111121	0		
1	1	2	14	1.14		288.792	-6.67965e-12	6.67965e-12	0.0172	-0.0034545	-0.0034545	0	0	0	1204.85	1.68977e-13	3.91691e-13	0	0	0	10.3617	10.3617	0	0	0.000112103	0.000112103	0		
1	1	2	15	1.15		288.806	-6.68168e-12	6.68168e-12	0.017	-0.00341433	-0.00341433	0	0	0	1190.84	1.95059e-13	4.39176e-13	0	0	0	10.1221	10.1221	0	0	0.000113085	0.000113085	0		
1	1	2	16	1.16		288.82	-6.68073e-12	6.68073e-12	0.0168	-0.00337416	-0.00337416	0	0	0	1176.83	1.62018e-13	4.20698e-13	0	0	0	9.88534	9.88534	0	0	0.000114067	0.000114067	0		
1	1	2	17	1.17		288.834	-6.6833e-12	6.6833e-12	0.0166	-0.00333399	-0.00333399	0	0	0	1162.82	1.29488e-13	4.04265e-13	0	0	0	9.65138	9.65138	0	0	0.000115049	0.000115049	0		
1	1	2	18	1.18		288.848	-6.68246e-12	6.68246e-12	0.0164	-0.00329382	-0.00329382	0	0	0	1148.81	1.33133e-13	3.90423e-13	0	0	0	9.42022	9.42022	0	0	0.000116031	0.000116031	0		
1	1	2	19	1.19		288.862	-6.68317e-12	6.68317e-12	0.0162	-0.00325365	-0.00325365	0	0	0	1134.8	4.60494e-14	2.97884e-13	0	0	0	9.19186	9.19186	0	0	0.000117013	0.000117013	0		
1	1	2	20	1.2		288.876	-6.68649e-12	6.68649e-12	0.016	-0.00321349	-0.00321349	0	0	0	1120.79	1.89152e-14	2.74613e-13	0	0	0	8.9663	8.9663	0	0	0.000117995	0.000117995	0		
1	1	2	21	1.21		288.89	-6.68447e-12	6.68447e-12	0.0158	-0.00317332	-0.00317332	0	0	0	1106.78	-1.25512e-14	2.34012e-13	0	0	0	8.74354	8.74354	0	0	0.000118977	0.000118977	0		
1	1	2	22	1.22		288.904	-6.68555e-12	6.68555e-12	0.0156	-0.00313315	-0.00313315	0	0	0	1092.77	-4.25343e-15	2.1036e-13	0	0	0	8.52359	8.52359	0	0	0.000119959	0.000119959	0		
1	1	2	23	1.23		288.918	-6.68608e-12	6.68608e-12	0.0154	-0.00309298	-0.00309298	0	0	0	1078.76	-3.02331e-14	1.63285e-13	0	0	0	8.30643	8.30643	0	0	0.000120942	0.000120942	0		
1	1	2	24	1.24		288.932	-6.68646e-12	6.68646e-12	0.0152	-0.00305281	-0.00305281	0	0	0	1064.75	-4.95174e-14	1.42991e-13	0	0	0	8.09208	8.09208	0	0	0.000121924	0.000121924	0		
1	1	2	25	1.25		288.946	-6.68557e-12	6.68557e-12	0.015	-0.00301264	-0.00301264	0	0	0	1050.74	-1.14487e-15	1.94372e-13	0	0	0	7.88054	7.88054	0	0	0.000122906	0.000122906	0		
1	1	2	26	1.26		288.96	-6.6891e-12	6.6891e-12	0.0148	-0.00297248	-0.00297248	0	0	0	1036.73	-6.97201e-14	1.47445e-13	0	0	0	7.67179	7.67179	0	0	0.000123889	0.000123889	0		
1	1	2	27	1.27		288.974	-6.6889e-12	6.6889e-12	0.0146	-0.00293231	-0.00293231	0	0	0	1022.72	-3.66347e-14	1.661e-13	0	0	0	7.46584	7.46584	0	0	0.000124871	0.000124871	0		
1	1	2	28	1.28		288.988	-6.68878e-12	6.68878e-12	0.0144	-0.00289214	-0.00289214	0	0	0	1008.71	-1.3225e-13	6.78577e-14	0	0	0	7.2627	7.2627	0	0	0.000125854	0.000125854	0		
1	1	2	29	1.29		289.002	-6.69106e-12	6.69106e-12	0.0142	-0.00285197	-0.00285197	0	0	0	994.698	-1.39284e-13	6.81429e-14	0	0	0	7.06236	7.06236	0	0	0.000126836	0.000126836	0		
1	1	2	30	1.3		289.016	-6.69035e-12	6.69035e-12	0.014	-0.0028118	-0.0028118	0	0	0	980.689	-1.14913e-13	8.03599e-14	0	0	0	6.86482	6.86482	0	0	0.000127819	0.000127819	0		
1	1	2	31	1.31		289.03	-6.69193e-12	6.69193e-12	0.0138	-0.00277163	-0.00277163	0	0	0	966.679	-6.34524e-14	1.44094e-13	0	0	0	6.67009	6.67009	0	0	0.000128802	0.000128802	0		
1	1	2	32	1.32		289.044	-6.69339e-12	6.69339e-12	0.0136	-0.00273147	-0.00273147	0	0	0	952.669	-1.15317e-13	7.87437e-14	0	0	0	6.47815	6.47815	0	0	0.000129784	0.000129784	0		
1	1	2	33	1.33		289.058	-6.69253e-12	6.69253e-12	0.0134	-0.0026913	-0.0026913	0	0	0	938.659	-9.76554e-14	6.41257e-14	0	0	0	6.28902	6.28902	0	0	0.000130767	0.000130767	0		
1	1	2	34	1.34		289.073	-6.69339e-12	6.69339e-12	0.0132	-0.00265113	-0.00265113	0	0	0	924.649	-6.89704e-14	9.36005e-14	0	0	0	6.10269	6.10269	0	0	0.00013175	0.00013175	0		
1	1	2	35	1.35		289.087	-6.69258e-12	6.69258e-12	0.013	-0.00261096	-0.00261096	0	0	0	910.639	-4.91148e-14	1.1618e-13	0	0	0	5.91916	5.91916	0	0	0.000132733	0.000132733	0		
1	1	2	36	1.36		289.101	-6.69467e-12	6.69467e-12	0.0128	-0.00257079	-0.00257079	0	0	0	896.63	1.44404e-14	1.71449e-13	0	0	0	5.73843	5.73843	0	0	0.000133716	0.000133716	0		
1	1	2	37	1.37		289.115	-6.69452e-12	6.69452e-12	0.0126	-0.00253062	-0.00253062	0	0	0	882.62	5.16356e-14	2.34964e-13	0	0	0	5.56051	5.56051	0	0	0.000134699	0.000134699	0		
1	1	2	38	1.38		289.129	-6.6965e-12	6.6965e-12	0.0124	-0.00249046	-0.00249046	0	0	0	868.61	2.57527e-14	2.16698e-13	0	0	0	5.38538	5.38538	0	0	0.000135682	0.000135682	0		
1	1	2	39	1.39		289.143	-6.69413e-12	6.69413e-12	0.0122	-0.00245029	-0.00245029	0	0	0	854.6	1.46188e-14	2.29006e-13	0	0	0	5.21306	5.21306	0	0	0.000136665	0.000136665	0		
1	1	2	40	1.4		289.157	-6.69782e-12	6.69782e-12	0.012	-0.00241012	-0.00241012	0	0	0	840.59	-5.8462e-14	1.35634e-13	0	0	0	5.04354	5.04354	0	0	0.000137648	0.000137648	0		
1	1	2	41	1.41		289.171	-6.69879e-12	6.69879e-12	0.0118	-0.00236995	-0.00236995	0	0	0	826.58	-8.72411e-14	1.05783e-13	0	0	0	4.87683	4.87683	0	0	0.000138631	0.000138631	0		
1	1	2	42	1.42		289.185	-6.69828e-12	6.69828e-12	0.0116	-0.00232978	-0.00232978	0	0	0	812.571	-1.1156e-13	6.53508e-14	0	0	0	4.71291	4.71291	0	0	0.000139614	0.000139614	0		
1	1	2	43	1.43		289.199	-6.69854e-12	6.69854e-12	0.0114	-0.00228961	-0.00228961	0	0	0	798.561	-1.54395e-13	7.69775e-15	0	0	0	4.5518	4.5518	0	0	0.000140597	0.000140597	0		
1	1	2	44	1.44		289.213	-6.69901e-12	6.69901e-12	0.0112	-0.00224945	-0.00224945	0	0	0	784.551	-1.26363e-13	3.4562e-14	0	0	0	4.39349	4.39349	0	0	0.000141581	0.000141581	0		
1	1	2	45	1.45		289.227	-6.70092e-12	6.70092e-12	0.011	-0.00220928	-0.00220928	0	0	0	770.541	-3.49011e-14	1.44613e-13	0	0	0	4.23798	4.23798	0	0	0.000142564	0.000142564	0		
1	1	2	46	1.46		289.241	-6.70216e-12	6.70216e-12	0.0108	-0.00216911	-0.00216911	0	0	0	756.531	1.08902e-14	1.57248e-13	0	0	0	4.08527	4.08527	0	0	0.000143547	0.000143547	0		
1	1	2	47	1.47		289.255	-6.70337e-12	6.70337e-12	0.0106	-0.00212894	-0.00212894	0	0	0	742.522	9.01655e-14	2.18553e-13	0	0	0	3.93537	3.93537	0	0	0.000144531	0.000144531	0		
1	1	2	48	1.48		289.269	-6.70305e-12	6.70305e-12	0.0104	-0.00208877	-0.00208877	0	0	0	728.512	6.228e-14	1.92277e-13	0	0	0	3.78826	3.78826	0	0	0.000145514	0.000145514	0		
1	1	2	49	1.49		289.283	-6.70247e-12	6.70247e-12	0.0102	-0.0020486	-0.0020486	0	0	0	714.502	3.21551e-14	1.85464e-13	0	0	0	3.64396	3.64396	0	0	0.000146498	0.000146498	0		
1	1	2	50	1.5		289.297	-6.70347e-12	6.70347e-12	0.01	-0.00200843	-0.00200843	0	0	0	700.492	6.20799e-14	2.19898e-13	0	0	0	3.50246	3.50246	0	0	0.000147481	0.000147481	0		
1	1	2	51	1.51		289.311	-6.7055e-12	6.7055e-12	0.0098	-0.00196827	-0.00196827	0	0	0	686.482	6.958e-14	2.21477e-13	0	0	0	3.36376	3.36376	0	0	0.000148465	0.000148465	0		
1	1	2	52	1.52		289.325	-6.7054e-12	6.7054e-12	0.0096	-0.0019281	-0.0019281	0	0	0	672.472	-1.7824e-14	1.56078e-13	0	0	0	3.22787	3.22787	0	0	0.000149449	0.000149449	0		
1	1	2	53	1.53		289.339	-6.706e-12	6.706e-12	0.0094	-0.00188793	-0.00188793	0	0	0	658.463	1.82414e-14	1.86653e-13	0	0	0	3.09477	3.09477	0	0	0.000150432	0.000150432	0		
1	1	2	54	1.54		289.353	-6.70569e-12	6.70569e-12	0.0092	-0.00184776	-0.00184776	0	0	0	644.453	4.13479e-14	2.22235e-13	0	0	0	2.96448	2.96448	0	0	0.000151416	0.000151416	0		
1	1	2	55	1.55		289.367	-6.70798e-12	6.70798e-12	0.009	-0.00180759	-0.00180759	0	0	0	630.443	4.00756e-14	1.88724e-13	0	0	0	2.83699	2.83699	0	0	0.0001524	0.0001524	0		
1	1	2	56	1.56		289.381	-6.70884e-12	6.70884e-12	0.0088	-0.00176742	-0.00176742	0	0	0	616.433	4.69643e-14	1.87857e-13	0	0	0	2.71231	2.71231	0	0	0.000153384	0.000153384	0		
1	1	2	57	1.57		289.395	-6.70817e-12	6.70817e-12	0.0086	-0.00172725	-0.00172725	0	0	0	602.423	1.77217e-14	1.84574e-13	0	0	0	2.59042	2.59042	0	0	0.000154368	0.000154368	0		
1	1	2	58	1.58		289.409	-6.70963e-12	6.70963e-12	0.0084	-0.00168709	-0.00168709	0	0	0	588.413	3.46256e-14	1.95346e-13	0	0	0	2.47134	2.47134	0	0	0.000155352	0.000155352	0		
1	1	2	59	1.59		289.424	-6.71107e-12	6.71107e-12	0.0082	-0.00164692	-0.00164692	0	0	0	574.404	7.95798e-14	2.61476e-13	0	0	0	2.35506	2.35506	0	0	0.000156336	0.000156336	0		
1	1	2	60	1.6		289.438	-6.70996e-12	6.70996e-12	0.008	-0.00160675	-0.00160675	0	0	0	560.394	9.03337e-14	2.61859e-13	0	0	0	2.24158	2.24158	0	0	0.00015732	0.00015732	0		
1	1	2	61	1.61		289.452	-6.71116e-12	6.71116e-12	0.0078	-0.00156658	-0.00156658	0	0	0	546.384	1.25389e-13	3.02604e-13	0	0	0	2.1309	2.1309	0	0	0.000158304	0.000158304	0		
1	1	2	62	1.62		289.466	-6.71164e-12	6.71164e-12	0.0076	-0.00152641	-0.00152641	0	0	0	532.374	1.00281e-13	2.73224e-13	0	0	0	2.02302	2.02302	0	0	0.000159288	0.000159288	0		
1	1	2	63	1.63		289.48	-6.71097e-12	6.71097e-12	0.0074	-0.00148624	-0.00148624	0	0	0	518.364	1.36795e-13	3.05597e-13	0	0	0	1.91795	1.91795	0	0	0.000160272	0.000160272	0		
1	1	2	64	1.64		289.494	-6.71249e-12	6.71249e-12	0.0072	-0.00144607	-0.00144607	0	0	0	504.354	1.00067e-13	2.58158e-13	0	0	0	1.81568	1.81568	0	0	0.000161256	0.000161256	0		
1	1	2	65	1.65		289.508	-6.71424e-12	6.71424e-12	0.007	-0.00140591	-0.00140591	0	0	0	490.345	6.08159e-14	2.29053e-13	0	0	0	1.71621	1.71621	0	0	0.000162241	0.000162241	0		
1	1	2	66	1.66		289.522	-6.71482e-12	6.71482e-12	0.0068	-0.00136574	-0.00136574	0	0	0	476.335	7.77796e-14	2.25853e-13	0	0	0	1.61954	1.61954	0	0	0.000163225	0.000163225	0		
1	1	2	67	1.67		289.536	-6.71523e-12	6.71523e-12	0.0066	-0.00132557	-0.00132557	0	0	0	462.325	3.38544e-14	1.7805e-13	0	0	0	1.52567	1.52567	0	0	0.000164209	0.000164209	0		
1	1	2	68	1.68		289.55	-6.7159e-12	6.7159e-12	0.0064	-0.0012854	-0.0012854	0	0	0	448.315	6.76927e-14	1.99716e-13	0	0	0	1.43461	1.43461	0	0	0.000165194	0.000165194	0		
1	1	2	69	1.69		289.564	-6.71666e-12	6.71666e-12	0.0062	-0.00124523	-0.00124523	0	0	0	434.305	4.95422e-14	1.83958e-13	0	0	0	1.34635	1.34635	0	0	0.000166178	0.000166178	0		
1	1	2	70	1.7		289.578	-6.71689e-12	6.71689e-12	0.006	-0.00120506	-0.00120506	0	0	0	420.295	5.85574e-14	1.91597e-13	0	0	0	1.26089	1.26089	0	0	0.000167163	0.000167163	0		
1	1	2	71	1.71		289.592	-6.71835e-12	6.71835e-12	0.0058	-0.00116489	-0.00116489	0	0	0	406.285	6.91074e-14	1.91164e-13	0	0	0	1.17823	1.17823	0	0	0.000168147	0.000168147	0		
1	1	2	72	1.72		289.606	-6.719e-12	6.719e-12	0.0056	-0.00112473	-0.00112473	0	0	0	392.276	1.03738e-13	2.15999e-13	0	0	0	1.09837	1.09837	0	0	0.000169132	0.000169132	0		
1	1	2	73	1.73		289.62	-6.71895e-12	6.71895e-12	0.0054	-0.00108456	-0.00108456	0	0	0	378.266	9.77376e-14	2.06209e-13	0	0	0	1.02132	1.02132	0	0	0.000170117	0.000170117	0		
1	1	2	74	1.74		289.634	-6.71817e-12	6.71817e-12	0.0052	-0.00104439	-0.00104439	0	0	0	364.256	7.85326e-14	1.86233e-13	0	0	0	0.947066	0.947066	0	0	0.000171101	0.000171101	0		
1	1	2	75	1.75		289.648	-6.71971e-12	6.71971e-12	0.005	-0.00100422	-0.00100422	0	0	0	350.246	1.04195e-13	2.17829e-13	0	0	0	0.875616	0.875616	0	0	0.000172086	0.000172086	0		
1	1	2	76	1.76		289.662	-6.7218e-12	6.7218e-12	0.0048	-0.000964051	-0.000964051	0	0	0	336.236	8.5927e-14	2.016e-13	0	0	0	0.806968	0.806968	0	0	0.000173071	0.000173071	0		
1	1	2	77	1.77		289.676	-6.72037e-12	6.72037e-12	0.0046	-0.000923882	-0.000923882	0	0	0	322.226	8.81248e-14	1.9618e-13	0	0	0	0.741121	0.741121	0	0	0.000174056	0.000174056	0		
1	1	2	78	1.78		289.691	-6.72286e-12	6.72286e-12	0.0044	-0.000883713	-0.000883713	0	0	0	308.217	6.72771e-14	1.69632e-13	0	0	0	0.678077	0.678077	0	0	0.000175041	0.000175041	0		
1	1	2	79	1.79		289.705	-6.72227e-12	6.72227e-12	0.0042	-0.000843545	-0.000843545	0	0	0	294.207	5.44792e-14	1.46863e-13	0	0	0	0.617835	0.617835	0	0	0.000176026	0.000176026	0		
1	1	2	80	1.8		289.719	-6.72218e-12	6.72218e-12	0.004	-0.000803376	-0.000803376	0	0	0	280.197	6.93876e-14	1.56758e-13	0	0	0	0.560394	0.560394	0	0	0.000177011	0.000177011	0		
1	1	2	81	1.81		289.733	-6.72416e-12	6.72416e-12	0.0038	-0.000763207	-0.000763207	0	0	0	266.187	4.01862e-14	1.32323e-13	0	0	0	0.505756	0.505756	0	0	0.000177996	0.000177996	0		
1	1	2	82	1.82		289.747	-6.72495e-12	6.72495e-12	0.0036	-0.000723038	-0.000723038	0	0	0	252.177	6.32466e-14	1.5351e-13	0	0	0	0.453919	0.453919	0	0	0.000178981	0.000178981	0		
1	1	2	83	1.83		289.761	-6.72523e-12	6.72523e-12	0.0034	-0.00068287	-0.00068287	0	0	0	238.167	5.1429e-14	1.48873e-13	0	0	0	0.404885	0.404885	0	0	0.000179966	0.000179966	0		
1	1	2	84	1.84		289.775	-6.72614e-12	6.72614e-12	0.0032	-0.000642701	-0.000642701	0	0	0	224.158	7.09071e-14	1.69941e-13	0	0	0	0.358653	0.358653	0	0	0.000180951	0.000180951	0		
1	1	2	85	1.85		289.789	-6.72664e-12	6.72664e-12	0.003	-0.000602532	-0.000602532	0	0	0	210.148	4.49847e-14	1.51517e-13	0	0	0	0.315222	0.315222	0	0	0.000181936	0.000181936	0		
1	1	2	86	1.86		289.803	-6.72792e-12	6.72792e-12	0.0028	-0.000562363	-0.000562363	0	0	0	196.138	8.68988e-14	1.98381e-13	0	0	0	0.274593	0.274593	0	0	0.000182922	0.000182922	0		
1	1	2	87	1.87		289.817	-6.72772e-12	6.72772e-12	0.0026	-0.000522194	-0.000522194	0	0	0	182.128	9.83052e-14	2.0848e-13	0	0	0	0.236767	0.236767	0	0	0.000183907	0.000183907	0		
1	1	2	88	1.88		289.831	-6.72804e-12	6.72804e-12	0.0024	-0.000482026	-0.000482026	0	0	0	168.118	9.03691e-14	2.05157e-13	0	0	0	0.201742	0.201742	0	0	0.000184892	0.000184892	0		
1	1	2	89	1.89		289.845	-6.7294e-12	6.7294e-12	0.0022	-0.000441857	-0.000441857	0	0	0	154.108	1.2493e-13	2.43925e-13	0	0	0	0.16952	0.16952	0	0	0.000185878	0.000185878	0		
1	1	2	90	1.9		289.859	-6.72953e-12	6.72953e-12	0.002	-0.000401688	-0.000401688	0	0	0	140.098	7.61695e-14	1.94544e-13	0	0	0	0.140099	0.140099	0	0	0.000186863	0.000186863	0		
1	1	2	91	1.91		289.873	-6.73143e-12	6.73143e-12	0.0018	-0.000361519	-0.000361519	0	0	0	126.089	1.34227e-14	1.31851e-13	0	0	0	0.11348	0.11348	0	0	0.000187849	0.000187849	0		
1	1	2	92	1.92		289.887	-6.73204e-12	6.73204e-12	0.0016	-0.00032135	-0.00032135	0	0	0	112.079	2.58014e-15	1.24007e-13	0	0	0	0.0896635	0.0896635	0	0	0.000188835	0.000188835	0		
1	1	2	93	1.93		289.902	-6.73213e-12	6.73213e-12	0.0014	-0.000281181	-0.000281181	0	0	0	98.0689	-1.83457e-14	9.71476e-14	0	0	0	0.0686487	0.0686487	0	0	0.00018982	0.00018982	0		
1	1	2	94	1.94		289.916	-6.73262e-12	6.73262e-12	0.0012	-0.000241013	-0.000241013	0	0	0	84.0591	1.33733e-14	1.281e-13	0	0	0	0.0504359	0.0504359	0	0	0.000190806	0.000190806	0		
1	1	2	95	1.95		289.93	-6.73366e-12	6.73366e-12	0.001	-0.000200844	-0.000200844	0	0	0	70.0492	3.65792e-14	1.49869e-13	0	0	0	0.0350251	0.0350251	0	0	0.000191792	0.000191792	0		
1	1	2	96	1.96		289.944	-6.73375e-12	6.73375e-12	0.0008	-0.000160675	-0.000160675	0	0	0	56.0394	-5.08393e-15	1.05786e-13	0	0	0	0.0224162	0.0224162	0	0	0.000192777	0.000192777	0		
1	1	2	97	1.97		289.958	-6.73345e-12	6.73345e-12	0.0006	-0.000120506	-0.000120506	0	0	0	42.0295	-5.2509e-14	5.64176e-14	0	0	0	0.0126093	0.0126093	0	0	0.000193763	0.000193763	0		
1	1	2	98	1.98		289.972	-6.7358e-12	6.7358e-12	0.0004	-8.0337e-05	-8.0337e-05	0	0	0	28.0197	-3.74999e-14	7.02688e-14	0	0	0	0.0056044	0.0056044	0	0	0.000194749	0.000194749	0		
1	1	2	99	1.99		289.986	-6.7363e-12	6.7363e-12	0.0002	-4.01681e-05	-4.01681e-05	0	0	0	14.0098	-2.24137e-14	8.30959e-14	0	0	0	0.00140145	0.00140145	0	0	0.000195735	0.000195735	0		
1	1	2	100	2		290	-6.73614e-12	6.73614e-12	2.11419e-18	8.20416e-10	8.20416e-10	0	0	0	-4.78576e-05	-6.31263e-15	9.72513e-14	0	0	0	4.77805e-07	4.77805e-07	0	0	0.000196721	0.000196721	0		
