1	1	1	1	0.01		289.997	0.725	2.71934e-11	-1.33585e-05	0.00043472	-0.00013049	0	0	0	7.29345e-16	1	1.14838e-15	0	0	0	0.00021736	0.00021736	0	0	3.13969e-08	3.13969e-08	0		
1	1	1	2	0.02		289.995	-6.27931e-06	9.91759e-17	-2.67169e-05	0.00086944	-0.00026098	0	0	0	3.75748e-15	2	6.04252e-15	0	0	0	0.00086944	0.00086944	0	0	6.27937e-08	6.27937e-08	0		
1	1	1	3	0.03		289.992	-6.27929e-06	3.90891e-16	-4.00754e-05	0.00130416	-0.00039147	0	0	0	1.43874e-15	3	2.56782e-15	0	0	0	0.00195624	0.00195624	0	0	9.41904e-08	9.41904e-08	0		
1	1	1	4	0.04		289.99	-6.27923e-06	4.04865e-17	-5.34338e-05	0.00173888	-0.00052196	0	0	0	1.22451e-15	4	2.17276e-15	0	0	0	0.00347776	0.00347776	0	0	1.25587e-07	1.25587e-07	0		
1	1	1	5	0.05		289.987	-6.27918e-06	1.82893e-16	-6.67923e-05	0.0021736	-0.00065245	0	0	0	3.2235e-15	5	5.58078e-15	0	0	0	0.005434	0.005434	0	0	1.56983e-07	1.56983e-07	0		
1	1	1	6	0.06		289.985	-6.27912e-06	4.43045e-17	-8.01507e-05	0.00260832	-0.00078294	0	0	0	8.79304e-16	6	1.38263e-15	0	0	0	0.00782496	0.00782496	0	0	1.88379e-07	1.88379e-07	0		
1	1	1	7	0.07		289.982	-6.27907e-06	1.91093e-16	-9.35092e-05	0.00304304	-0.00091343	0	0	0	9.26452e-16	7	1.71102e-15	0	0	0	0.0106506	0.0106506	0	0	2.19774e-07	2.19774e-07	0		
1	1	1	8	0.08		289.98	-6.27901e-06	1.98686e-16	-0.000106868	0.00347776	-0.00104392	0	0	0	3.34637e-15	8	5.89258e-15	0	0	0	0.013911	0.013911	0	0	2.5117e-07	2.5117e-07	0		
1	1	1	9	0.09		289.977	-6.27896e-06	2.73047e-16	-0.000120226	0.00391248	-0.00117441	0	0	0	1.12696e-15	9	2.23866e-15	0	0	0	0.0176062	0.0176062	0	0	2.82565e-07	2.82565e-07	0		
1	1	1	10	0.1		289.975	-6.2789e-06	-2.74163e-16	-0.000133584	0.0043472	-0.0013049	0	0	0	1.26655e-15	10	2.33776e-15	0	0	0	0.021736	0.021736	0	0	3.1396e-07	3.1396e-07	0		
1	1	1	11	0.11		289.972	-6.27885e-06	2.10166e-16	-0.000146943	0.00478192	-0.00143539	0	0	0	3.87617e-15	11	6.18988e-15	0	0	0	0.0263005	0.0263005	0	0	3.45354e-07	3.45354e-07	0		
1	1	1	12	0.12		289.97	-6.2788e-06	7.09028e-17	-0.000160301	0.00521664	-0.00156588	0	0	0	1.86963e-15	12	2.76526e-15	0	0	0	0.0312998	0.0312998	0	0	3.76748e-07	3.76748e-07	0		
1	1	1	13	0.13		289.967	-6.27874e-06	5.80263e-17	-0.00017366	0.00565136	-0.00169637	0	0	0	2.11107e-15	13	3.09365e-15	0	0	0	0.0367338	0.0367338	0	0	4.08142e-07	4.08142e-07	0		
1	1	1	14	0.14		289.965	-6.27869e-06	-1.5317e-17	-0.000187018	0.00608608	-0.00182686	0	0	0	1.50148e-15	14	2.10427e-15	0	0	0	0.0426025	0.0426025	0	0	4.39536e-07	4.39536e-07	0		
1	1	1	15	0.15		289.962	-6.27863e-06	2.38015e-16	-0.000200377	0.0065208	-0.00195735	0	0	0	3.2321e-15	15	6.61527e-15	0	0	0	0.048906	0.048906	0	0	4.70929e-07	4.70929e-07	0		
1	1	1	16	0.16		289.96	-6.27858e-06	1.44564e-16	-0.000213735	0.00695552	-0.00208784	0	0	0	3.99149e-15	16	9.14961e-15	0	0	0	0.0556441	0.0556441	0	0	5.02322e-07	5.02322e-07	0		
1	1	1	17	0.17		289.957	-6.27852e-06	-1.11004e-16	-0.000227094	0.00739024	-0.00221833	0	0	0	3.40026e-15	17	7.70165e-15	0	0	0	0.062817	0.062817	0	0	5.33715e-07	5.33715e-07	0		
1	1	1	18	0.18		289.955	-6.27847e-06	-4.32399e-16	-0.000240452	0.00782496	-0.00234882	0	0	0	2.10619e-15	18	4.50632e-15	0	0	0	0.0704246	0.0704246	0	0	5.65108e-07	5.65108e-07	0		
1	1	1	19	0.19		289.952	-6.27842e-06	3.66515e-17	-0.000253811	0.00825968	-0.00247931	0	0	0	2.88394e-15	19	6.58208e-15	0	0	0	0.0784669	0.0784669	0	0	5.965e-07	5.965e-07	0		
1	1	1	20	0.2		289.95	-6.27836e-06	1.13132e-16	-0.000267169	0.0086944	-0.0026098	0	0	0	2.60742e-15	20	5.5927e-15	0	0	0	0.086944	0.086944	0	0	6.27892e-07	6.27892e-07	0		
1	1	1	21	0.21		289.947	-6.27831e-06	2.77274e-17	-0.000280527	0.00912912	-0.00274029	0	0	0	1.22067e-15	21	3.71514e-15	0	0	0	0.0958557	0.0958557	0	0	6.59284e-07	6.59284e-07	0		
1	1	1	22	0.22		289.945	-6.27825e-06	-1.53068e-16	-0.000293886	0.00956384	-0.00287078	0	0	0	2.31313e-15	22	4.47313e-15	0	0	0	0.105202	0.105202	0	0	6.90675e-07	6.90675e-07	0		
1	1	1	23	0.23		289.942	-6.2782e-06	1.06041e-16	-0.000307244	0.00999856	-0.00300127	0	0	0	2.42475e-15	23	4.77253e-15	0	0	0	0.114983	0.114983	0	0	7.22067e-07	7.22067e-07	0		
1	1	1	24	0.24		289.94	-6.27814e-06	7.50939e-17	-0.000320603	0.0104333	-0.00313176	0	0	0	4.16499e-15	24	7.76545e-15	0	0	0	0.125199	0.125199	0	0	7.53457e-07	7.53457e-07	0		
1	1	1	25	0.25		289.937	-6.27809e-06	-8.94496e-17	-0.000333961	0.010868	-0.00326225	0	0	0	2.24149e-15	25	7.20567e-15	0	0	0	0.13585	0.13585	0	0	7.84848e-07	7.84848e-07	0		
1	1	1	26	0.26		289.935	-6.27803e-06	1.56471e-17	-0.00034732	0.0113027	-0.00339274	0	0	0	2.76049e-15	26	8.42224e-15	0	0	0	0.146935	0.146935	0	0	8.16239e-07	8.16239e-07	0		
1	1	1	27	0.27		289.932	-6.27798e-06	8.66785e-17	-0.000360678	0.0117374	-0.00352323	0	0	0	1.70681e-15	27	6.54468e-15	0	0	0	0.158455	0.158455	0	0	8.47629e-07	8.47629e-07	0		
1	1	1	28	0.28		289.93	-6.27793e-06	-2.95913e-16	-0.000374037	0.0121722	-0.00365372	0	0	0	2.91029e-15	28	9.07902e-15	0	0	0	0.17041	0.17041	0	0	8.79019e-07	8.79019e-07	0		
1	1	1	29	0.29		289.927	-6.27787e-06	-2.5838e-17	-0.000387395	0.0126069	-0.00378421	0	0	0	3.2256e-15	29	9.83701e-15	0	0	0	0.1828	0.1828	0	0	9.10408e-07	9.10408e-07	0		
1	1	1	30	0.3		289.925	-6.27782e-06	2.44376e-16	-0.000400753	0.0130416	-0.0039147	0	0	0	2.39397e-15	30	7.95945e-15	0	0	0	0.195624	0.195624	0	0	9.41798e-07	9.41798e-07	0		
1	1	1	31	0.31		289.922	-6.27776e-06	1.1057e-16	-0.000414112	0.0134763	-0.00404519	0	0	0	3.59745e-15	31	8.71744e-15	0	0	0	0.208883	0.208883	0	0	9.73186e-07	9.73186e-07	0		
1	1	1	32	0.32		289.92	-6.27771e-06	1.12186e-16	-0.00042747	0.013911	-0.00417568	0	0	0	4.1348e-15	32	1.12518e-14	0	0	0	0.222577	0.222577	0	0	1.00458e-06	1.00458e-06	0		
1	1	1	33	0.33		289.917	-6.27765e-06	-2.13757e-17	-0.000440829	0.0143458	-0.00430617	0	0	0	3.52521e-15	33	9.37422e-15	0	0	0	0.236705	0.236705	0	0	1.03596e-06	1.03596e-06	0		
1	1	1	34	0.34		289.915	-6.2776e-06	3.68932e-16	-0.000454187	0.0147805	-0.00443666	0	0	0	1.62007e-15	34	8.35585e-15	0	0	0	0.251268	0.251268	0	0	1.06735e-06	1.06735e-06	0		
1	1	1	35	0.35		289.912	-6.27755e-06	1.03295e-16	-0.000467546	0.0152152	-0.00456715	0	0	0	2.34275e-15	35	8.25465e-15	0	0	0	0.266266	0.266266	0	0	1.09874e-06	1.09874e-06	0		
1	1	1	36	0.36		289.91	-6.27749e-06	-1.67647e-16	-0.000480904	0.0156499	-0.00469764	0	0	0	2.43601e-15	36	9.01264e-15	0	0	0	0.281698	0.281698	0	0	1.13013e-06	1.13013e-06	0		
1	1	1	37	0.37		289.907	-6.27744e-06	-1.47965e-17	-0.000494263	0.0160846	-0.00482813	0	0	0	5.00848e-15	37	1.59589e-14	0	0	0	0.297566	0.297566	0	0	1.16151e-06	1.16151e-06	0		
1	1	1	38	0.38		289.905	-6.27738e-06	1.01681e-16	-0.000507621	0.0165194	-0.00495862	0	0	0	2.36378e-15	38	1.32221e-14	0	0	0	0.313868	0.313868	0	0	1.1929e-06	1.1929e-06	0		
1	1	1	39	0.39		289.902	-6.27733e-06	9.98005e-17	-0.000520979	0.0169541	-0.00508911	0	0	0	3.08646e-15	39	1.66737e-14	0	0	0	0.330604	0.330604	0	0	1.22429e-06	1.22429e-06	0		
1	1	1	40	0.4		289.9	-6.27727e-06	1.33538e-16	-0.000534338	0.0173888	-0.0052196	0	0	0	4.25323e-15	40	1.83488e-14	0	0	0	0.347776	0.347776	0	0	1.25568e-06	1.25568e-06	0		
1	1	1	41	0.41		289.897	-6.27722e-06	-4.48193e-17	-0.000547696	0.0178235	-0.00535009	0	0	0	2.08933e-15	41	1.64712e-14	0	0	0	0.365382	0.365382	0	0	1.28706e-06	1.28706e-06	0		
1	1	1	42	0.42		289.895	-6.27716e-06	1.4746e-16	-0.000561055	0.0182582	-0.00548058	0	0	0	1.03565e-15	42	1.28173e-14	0	0	0	0.383423	0.383423	0	0	1.31845e-06	1.31845e-06	0		
1	1	1	43	0.43		289.892	-6.27711e-06	5.8041e-17	-0.000574413	0.018693	-0.00561107	0	0	0	2.68322e-15	43	1.53517e-14	0	0	0	0.401898	0.401898	0	0	1.34983e-06	1.34983e-06	0		
1	1	1	44	0.44		289.89	-6.27706e-06	1.41632e-16	-0.000587772	0.0191277	-0.00574156	0	0	0	2.97278e-16	44	1.16978e-14	0	0	0	0.420809	0.420809	0	0	1.38122e-06	1.38122e-06	0		
1	1	1	45	0.45		289.887	-6.277e-06	1.06738e-16	-0.00060113	0.0195624	-0.00587205	0	0	0	1.68494e-16	45	1.06794e-14	0	0	0	0.440154	0.440154	0	0	1.4126e-06	1.4126e-06	0		
1	1	1	46	0.46		289.884	-6.27695e-06	-1.21473e-16	-0.000614489	0.0199971	-0.00600254	0	0	0	2.74096e-15	46	1.58493e-14	0	0	0	0.459934	0.459934	0	0	1.44399e-06	1.44399e-06	0		
1	1	1	47	0.47		289.882	-6.27689e-06	1.11547e-16	-0.000627847	0.0204318	-0.00613303	0	0	0	7.62391e-16	47	9.55982e-15	0	0	0	0.480148	0.480148	0	0	1.47537e-06	1.47537e-06	0		
1	1	1	48	0.48		289.879	-6.27684e-06	8.84549e-17	-0.000641205	0.0208666	-0.00626352	0	0	0	1.5585e-15	48	1.47297e-14	0	0	0	0.500797	0.500797	0	0	1.50676e-06	1.50676e-06	0		
1	1	1	49	0.49		289.877	-6.27678e-06	1.22136e-16	-0.000654564	0.0213013	-0.00639401	0	0	0	1.17096e-15	49	1.46285e-14	0	0	0	0.521881	0.521881	0	0	1.53814e-06	1.53814e-06	0		
1	1	1	50	0.5		289.874	-6.27673e-06	-6.88032e-17	-0.000667922	0.021736	-0.0065245	0	0	0	3.74342e-15	50	1.97984e-14	0	0	0	0.5434	0.5434	0	0	1.56953e-06	1.56953e-06	0		
1	1	1	51	0.51		289.872	-6.27668e-06	1.12906e-16	-0.000681281	0.0221707	-0.00665499	0	0	0	4.65143e-15	51	1.70616e-14	0	0	0	0.565353	0.565353	0	0	1.60091e-06	1.60091e-06	0		
1	1	1	52	0.52		289.869	-6.27662e-06	-1.92912e-16	-0.000694639	0.0226054	-0.00678548	0	0	0	4.48594e-15	52	1.69604e-14	0	0	0	0.587741	0.587741	0	0	1.63229e-06	1.63229e-06	0		
1	1	1	53	0.53		289.867	-6.27657e-06	-1.23362e-16	-0.000707998	0.0230402	-0.00691597	0	0	0	2.13671e-15	53	1.23894e-14	0	0	0	0.610564	0.610564	0	0	1.66368e-06	1.66368e-06	0		
1	1	1	54	0.54		289.864	-6.27651e-06	1.56794e-17	-0.000721356	0.0234749	-0.00704646	0	0	0	3.52552e-15	54	1.22882e-14	0	0	0	0.633822	0.633822	0	0	1.69506e-06	1.69506e-06	0		
1	1	1	55	0.55		289.862	-6.27646e-06	-2.59604e-16	-0.000734714	0.0239096	-0.00717695	0	0	0	3.39674e-15	55	1.48225e-14	0	0	0	0.657514	0.657514	0	0	1.72644e-06	1.72644e-06	0		
1	1	1	56	0.56		289.859	-6.2764e-06	2.0391e-16	-0.000748073	0.0243443	-0.00730744	0	0	0	1.4916e-15	56	1.02514e-14	0	0	0	0.681641	0.681641	0	0	1.75782e-06	1.75782e-06	0		
1	1	1	57	0.57		289.857	-6.27635e-06	-3.56289e-16	-0.000761431	0.024779	-0.00743793	0	0	0	2.43632e-15	57	1.37029e-14	0	0	0	0.706202	0.706202	0	0	1.78921e-06	1.78921e-06	0		
1	1	1	58	0.58		289.854	-6.27629e-06	-9.50789e-17	-0.00077479	0.0252138	-0.00756842	0	0	0	1.41936e-15	58	9.13185e-15	0	0	0	0.731199	0.731199	0	0	1.82059e-06	1.82059e-06	0		
1	1	1	59	0.59		289.852	-6.27624e-06	7.7002e-17	-0.000788148	0.0256485	-0.00769891	0	0	0	8.46485e-16	59	8.11348e-15	0	0	0	0.75663	0.75663	0	0	1.85197e-06	1.85197e-06	0		
1	1	1	60	0.6		289.849	-6.27619e-06	-7.58015e-17	-0.000801507	0.0260832	-0.0078294	0	0	0	2.1234e-15	60	1.23662e-14	0	0	0	0.782496	0.782496	0	0	1.88335e-06	1.88335e-06	0		
1	1	1	61	0.61		289.847	-6.27613e-06	-4.3367e-17	-0.000814865	0.0265179	-0.00795989	0	0	0	2.36527e-15	61	9.62945e-15	0	0	0	0.808796	0.808796	0	0	1.91473e-06	1.91473e-06	0		
1	1	1	62	0.62		289.844	-6.27608e-06	1.33587e-16	-0.000828224	0.0269526	-0.00809038	0	0	0	1.7924e-15	62	8.61108e-15	0	0	0	0.835532	0.835532	0	0	1.94611e-06	1.94611e-06	0		
1	1	1	63	0.63		289.842	-6.27602e-06	-1.04299e-16	-0.000841582	0.0273873	-0.00822087	0	0	0	3.81063e-15	63	1.29798e-14	0	0	0	0.862702	0.862702	0	0	1.97749e-06	1.97749e-06	0		
1	1	1	64	0.64		289.839	-6.27597e-06	1.40803e-16	-0.00085494	0.0278221	-0.00835136	0	0	0	3.68185e-15	64	1.19614e-14	0	0	0	0.890306	0.890306	0	0	2.00887e-06	2.00887e-06	0		
1	1	1	65	0.65		289.837	-6.27591e-06	1.25368e-16	-0.000868299	0.0282568	-0.00848185	0	0	0	3.47964e-15	65	9.22465e-15	0	0	0	0.918346	0.918346	0	0	2.04025e-06	2.04025e-06	0		
1	1	1	66	0.66		289.834	-6.27586e-06	-1.42093e-16	-0.000881657	0.0286915	-0.00861234	0	0	0	1.94516e-15	66	6.48791e-15	0	0	0	0.94682	0.94682	0	0	2.07163e-06	2.07163e-06	0		
1	1	1	67	0.67		289.832	-6.27581e-06	-9.56983e-18	-0.000895016	0.0291262	-0.00874283	0	0	0	1.81637e-15	67	5.46953e-15	0	0	0	0.975729	0.975729	0	0	2.10301e-06	2.10301e-06	0		
1	1	1	68	0.68		289.829	-6.27575e-06	-1.93347e-16	-0.000908374	0.0295609	-0.00887332	0	0	0	1.61416e-15	68	2.73279e-15	0	0	0	1.00507	1.00507	0	0	2.13439e-06	2.13439e-06	0		
1	1	1	69	0.69		289.827	-6.2757e-06	-3.35059e-17	-0.000921733	0.0299957	-0.00900381	0	0	0	1.92947e-15	69	1.71442e-15	0	0	0	1.03485	1.03485	0	0	2.16577e-06	2.16577e-06	0		
1	1	1	70	0.7		289.824	-6.27564e-06	2.52789e-16	-0.000935091	0.0304304	-0.0091343	0	0	0	1.80068e-15	70	4.24876e-15	0	0	0	1.06506	1.06506	0	0	2.19715e-06	2.19715e-06	0		
1	1	1	71	0.71		289.822	-6.27559e-06	4.28607e-16	-0.000948449	0.0308651	-0.00926479	0	0	0	2.18942e-15	71	4.94876e-15	0	0	0	1.09571	1.09571	0	0	2.22853e-06	2.22853e-06	0		
1	1	1	72	0.72		289.819	-6.27553e-06	-1.84676e-17	-0.000961808	0.0312998	-0.00939528	0	0	0	6.54937e-16	72	2.21202e-15	0	0	0	1.12679	1.12679	0	0	2.2599e-06	2.2599e-06	0		
1	1	1	73	0.73		289.817	-6.27548e-06	-7.94542e-18	-0.000975166	0.0317345	-0.00952577	0	0	0	4.52724e-16	73	-5.24723e-16	0	0	0	1.15831	1.15831	0	0	2.29128e-06	2.29128e-06	0		
1	1	1	74	0.74		289.814	-6.27543e-06	-1.18101e-16	-0.000988525	0.0321693	-0.00965626	0	0	0	9.14888e-16	74	1.89365e-15	0	0	0	1.19026	1.19026	0	0	2.32266e-06	2.32266e-06	0		
1	1	1	75	0.75		289.812	-6.27537e-06	-4.01243e-16	-0.00100188	0.032604	-0.00978675	0	0	0	1.15676e-15	75	2.70962e-15	0	0	0	1.22265	1.22265	0	0	2.35404e-06	2.35404e-06	0		
1	1	1	76	0.76		289.809	-6.27532e-06	2.07482e-16	-0.00101524	0.0330387	-0.00991724	0	0	0	1.98959e-15	76	6.96233e-15	0	0	0	1.25547	1.25547	0	0	2.38541e-06	2.38541e-06	0		
1	1	1	77	0.77		289.807	-6.27526e-06	-1.29094e-16	-0.0010286	0.0334734	-0.0100477	0	0	0	2.15804e-15	77	6.05993e-15	0	0	0	1.28873	1.28873	0	0	2.41679e-06	2.41679e-06	0		
1	1	1	78	0.78		289.804	-6.27521e-06	1.89295e-16	-0.00104196	0.0339081	-0.0101782	0	0	0	2.52895e-16	78	5.04156e-15	0	0	0	1.32242	1.32242	0	0	2.44816e-06	2.44816e-06	0		
1	1	1	79	0.79		289.802	-6.27515e-06	-1.79061e-16	-0.00105532	0.0343429	-0.0103087	0	0	0	6.4163e-16	79	2.18885e-15	0	0	0	1.35654	1.35654	0	0	2.47954e-06	2.47954e-06	0		
1	1	1	80	0.8		289.799	-6.2751e-06	4.24611e-16	-0.00106868	0.0347776	-0.0104392	0	0	0	-5.22191e-16	80	4.83916e-15	0	0	0	1.3911	1.3911	0	0	2.51092e-06	2.51092e-06	0		
1	1	1	81	0.81		289.797	-6.27504e-06	-3.01795e-16	-0.00108203	0.0352123	-0.0105697	0	0	0	1.49604e-15	81	2.10242e-15	0	0	0	1.4261	1.4261	0	0	2.54229e-06	2.54229e-06	0		
1	1	1	82	0.82		289.794	-6.27499e-06	1.81149e-16	-0.00109539	0.035647	-0.0107002	0	0	0	-4.82528e-16	82	-4.18704e-15	0	0	0	1.46153	1.46153	0	0	2.57367e-06	2.57367e-06	0		
1	1	1	83	0.83		289.792	-6.27494e-06	4.51477e-17	-0.00110875	0.0360817	-0.0108307	0	0	0	2.03437e-16	83	-3.37107e-15	0	0	0	1.49739	1.49739	0	0	2.60504e-06	2.60504e-06	0		
1	1	1	84	0.84		289.789	-6.27488e-06	3.21274e-16	-0.00112211	0.0365165	-0.0109612	0	0	0	-1.25761e-15	84	-1.14949e-14	0	0	0	1.53369	1.53369	0	0	2.63642e-06	2.63642e-06	0		
1	1	1	85	0.85		289.787	-6.27483e-06	7.92724e-17	-0.00113547	0.0369512	-0.0110917	0	0	0	1.35157e-15	85	-7.24215e-15	0	0	0	1.57043	1.57043	0	0	2.66779e-06	2.66779e-06	0		
1	1	1	86	0.86		289.784	-6.27477e-06	-1.35693e-17	-0.00114883	0.0373859	-0.0112221	0	0	0	-3.60548e-17	86	-2.98944e-15	0	0	0	1.60759	1.60759	0	0	2.69916e-06	2.69916e-06	0		
1	1	1	87	0.87		289.782	-6.27472e-06	-1.10368e-16	-0.00116218	0.0378206	-0.0113526	0	0	0	-1.12645e-15	87	-2.17347e-15	0	0	0	1.6452	1.6452	0	0	2.73054e-06	2.73054e-06	0		
1	1	1	88	0.88		289.779	-6.27466e-06	2.67967e-16	-0.00117554	0.0382553	-0.0114831	0	0	0	1.40931e-15	88	3.91359e-15	0	0	0	1.68324	1.68324	0	0	2.76191e-06	2.76191e-06	0		
1	1	1	89	0.89		289.777	-6.27461e-06	-5.21445e-17	-0.0011889	0.0386901	-0.0116136	0	0	0	1.72461e-15	89	2.89522e-15	0	0	0	1.72171	1.72171	0	0	2.79329e-06	2.79329e-06	0		
1	1	1	90	0.9		289.774	-6.27456e-06	-3.60324e-16	-0.00120226	0.0391248	-0.0117441	0	0	0	2.55744e-15	90	7.14793e-15	0	0	0	1.76062	1.76062	0	0	2.82466e-06	2.82466e-06	0		
1	1	1	91	0.91		289.772	-6.2745e-06	-2.62734e-16	-0.00121562	0.0395595	-0.0118746	0	0	0	1.09638e-15	91	6.12956e-15	0	0	0	1.79996	1.79996	0	0	2.85603e-06	2.85603e-06	0		
1	1	1	92	0.92		289.769	-6.27445e-06	-9.62075e-17	-0.00122898	0.0399942	-0.0120051	0	0	0	2.22644e-15	92	6.94553e-15	0	0	0	1.83973	1.83973	0	0	2.8874e-06	2.8874e-06	0		
1	1	1	93	0.93		289.766	-6.27439e-06	-1.44432e-16	-0.00124234	0.0404289	-0.0121356	0	0	0	1.65357e-15	93	5.92716e-15	0	0	0	1.87995	1.87995	0	0	2.91878e-06	2.91878e-06	0		
1	1	1	94	0.94		289.764	-6.27434e-06	-1.07925e-16	-0.00125569	0.0408637	-0.0122661	0	0	0	1.08069e-15	94	4.90879e-15	0	0	0	1.92059	1.92059	0	0	2.95015e-06	2.95015e-06	0		
1	1	1	95	0.95		289.761	-6.27428e-06	-8.76371e-17	-0.00126905	0.0412984	-0.0123966	0	0	0	-9.71307e-16	95	4.53674e-16	0	0	0	1.96167	1.96167	0	0	2.98152e-06	2.98152e-06	0		
1	1	1	96	0.96		289.759	-6.27423e-06	3.94052e-17	-0.00128241	0.0417331	-0.012527	0	0	0	2.37919e-15	96	1.26965e-15	0	0	0	2.00319	2.00319	0	0	3.01289e-06	3.01289e-06	0		
1	1	1	97	0.97		289.756	-6.27418e-06	8.5951e-17	-0.00129577	0.0421678	-0.0126575	0	0	0	2.10355e-15	97	-3.18547e-15	0	0	0	2.04514	2.04514	0	0	3.04426e-06	3.04426e-06	0		
1	1	1	98	0.98		289.754	-6.27412e-06	1.2074e-16	-0.00130913	0.0426025	-0.012788	0	0	0	3.82455e-15	98	1.06724e-15	0	0	0	2.08752	2.08752	0	0	3.07563e-06	3.07563e-06	0		
1	1	1	99	0.99		289.751	-6.27407e-06	-2.24402e-16	-0.00132249	0.0430373	-0.0129185	0	0	0	5.02804e-15	99	4.88736e-17	0	0	0	2.13034	2.13034	0	0	3.107e-06	3.107e-06	0		
1	1	1	100	1		289.749	-6.27401e-06	-2.54606e-17	-0.00133584	0.043472	-0.013049	0	0	0	5.26991e-15	100	8.64845e-16	0	0	0	2.1736	2.1736	0	0	3.13837e-06	3.13837e-06	0		
1	1	2	1	1.01		289.751	-6.27407e-06	-2.99129e-16	-0.00132249	0.0430373	-0.0129185	0	0	0	6.73097e-15	99	8.98864e-15	0	0	0	2.13034	2.13034	0	0	3.16974e-06	3.16974e-06	0		
1	1	2	2	1.02		289.754	-6.27412e-06	1.1977e-16	-0.00130913	0.0426025	-0.012788	0	0	0	3.30704e-15	98	-4.20384e-15	0	0	0	2.08752	2.08752	0	0	3.20111e-06	3.20111e-06	0		
1	1	2	3	1.03		289.756	-6.27418e-06	-3.30274e-16	-0.00129577	0.0421678	-0.0126575	0	0	0	7.06196e-15	97	2.08562e-15	0	0	0	2.04514	2.04514	0	0	3.23248e-06	3.23248e-06	0		
1	1	2	4	1.04		289.759	-6.27423e-06	8.71185e-18	-0.00128241	0.0417331	-0.012527	0	0	0	9.63148e-15	96	1.18118e-14	0	0	0	2.00319	2.00319	0	0	3.26386e-06	3.26386e-06	0		
1	1	2	5	1.05		289.761	-6.27428e-06	6.07594e-17	-0.00126905	0.0412984	-0.0123966	0	0	0	6.65164e-15	95	5.72476e-15	0	0	0	1.96167	1.96167	0	0	3.29523e-06	3.29523e-06	0		
1	1	2	6	1.06		289.764	-6.27434e-06	1.23545e-16	-0.00125569	0.0408637	-0.0122661	0	0	0	6.33633e-15	94	6.74313e-15	0	0	0	1.92059	1.92059	0	0	3.3266e-06	3.3266e-06	0		
1	1	2	7	1.07		289.766	-6.27439e-06	1.50741e-16	-0.00124234	0.0404289	-0.0121356	0	0	0	5.9476e-15	93	2.49042e-15	0	0	0	1.87995	1.87995	0	0	3.35797e-06	3.35797e-06	0		
1	1	2	8	1.08		289.769	-6.27445e-06	1.91021e-16	-0.00122898	0.0399942	-0.0120051	0	0	0	6.52047e-15	92	3.50879e-15	0	0	0	1.83973	1.83973	0	0	3.38934e-06	3.38934e-06	0		
1	1	2	9	1.09		289.772	-6.2745e-06	1.77429e-17	-0.00121562	0.0395595	-0.0118746	0	0	0	4.28195e-15	91	-6.01501e-15	0	0	0	1.79996	1.79996	0	0	3.42071e-06	3.42071e-06	0		
1	1	2	10	1.1		289.774	-6.27456e-06	-3.7591e-17	-0.00120226	0.0391248	-0.0117441	0	0	0	1.22868e-15	90	-1.73732e-14	0	0	0	1.76062	1.76062	0	0	3.45209e-06	3.45209e-06	0		
1	1	2	11	1.11		289.777	-6.27461e-06	-4.00482e-17	-0.0011889	0.0386901	-0.0116136	0	0	0	3.20725e-15	89	-1.10837e-14	0	0	0	1.72171	1.72171	0	0	3.48346e-06	3.48346e-06	0		
1	1	2	12	1.12		289.779	-6.27466e-06	-1.05054e-16	-0.00117554	0.0382553	-0.0114831	0	0	0	2.00377e-15	88	-1.00653e-14	0	0	0	1.68324	1.68324	0	0	3.51483e-06	3.51483e-06	0		
1	1	2	13	1.13		289.782	-6.27472e-06	-2.80297e-16	-0.00116218	0.0378206	-0.0113526	0	0	0	-8.78961e-17	87	-1.61524e-14	0	0	0	1.6452	1.6452	0	0	3.54621e-06	3.54621e-06	0		
1	1	2	14	1.14		289.784	-6.27477e-06	-1.12254e-16	-0.00114883	0.0373859	-0.0112221	0	0	0	1.44658e-15	86	-1.69684e-14	0	0	0	1.60759	1.60759	0	0	3.57758e-06	3.57758e-06	0		
1	1	2	15	1.15		289.787	-6.27483e-06	1.94238e-16	-0.00113547	0.0369512	-0.0110917	0	0	0	2.39012e-15	85	-2.12211e-14	0	0	0	1.57043	1.57043	0	0	3.60895e-06	3.60895e-06	0		
1	1	2	16	1.16		289.789	-6.27488e-06	1.43391e-16	-0.00112211	0.0365165	-0.0109612	0	0	0	6.69115e-16	84	-2.54738e-14	0	0	0	1.53369	1.53369	0	0	3.64033e-06	3.64033e-06	0		
1	1	2	17	1.17		289.792	-6.27494e-06	4.27802e-17	-0.00110875	0.0360817	-0.0108307	0	0	0	2.13017e-15	83	-1.735e-14	0	0	0	1.49739	1.49739	0	0	3.6717e-06	3.6717e-06	0		
1	1	2	18	1.18		289.794	-6.27499e-06	-5.33832e-17	-0.00109539	0.035647	-0.0107002	0	0	0	-4.05586e-16	82	-2.3437e-14	0	0	0	1.46153	1.46153	0	0	3.70308e-06	3.70308e-06	0		
1	1	2	19	1.19		289.797	-6.27504e-06	1.9305e-16	-0.00108203	0.0352123	-0.0105697	0	0	0	-4.79112e-15	81	-3.47952e-14	0	0	0	1.4261	1.4261	0	0	3.73445e-06	3.73445e-06	0		
1	1	2	20	1.2		289.799	-6.2751e-06	-5.70438e-17	-0.00106868	0.0347776	-0.0104392	0	0	0	-6.4387e-15	80	-3.73295e-14	0	0	0	1.3911	1.3911	0	0	3.76583e-06	3.76583e-06	0		
1	1	2	21	1.21		289.802	-6.27515e-06	1.76957e-16	-0.00105532	0.0343429	-0.0103087	0	0	0	-6.23648e-15	79	-3.81455e-14	0	0	0	1.35654	1.35654	0	0	3.7972e-06	3.7972e-06	0		
1	1	2	22	1.22		289.804	-6.27521e-06	9.44083e-17	-0.00104196	0.0339081	-0.0101782	0	0	0	-7.95749e-15	78	-4.23982e-14	0	0	0	1.32242	1.32242	0	0	3.82858e-06	3.82858e-06	0		
1	1	2	23	1.23		289.807	-6.27526e-06	2.37845e-16	-0.0010286	0.0334734	-0.0100477	0	0	0	-9.08754e-15	77	-4.32142e-14	0	0	0	1.28873	1.28873	0	0	3.85995e-06	3.85995e-06	0		
1	1	2	24	1.24		289.809	-6.27532e-06	2.24388e-17	-0.00101524	0.0330387	-0.00991724	0	0	0	-5.70327e-15	76	-3.52063e-14	0	0	0	1.25547	1.25547	0	0	3.89133e-06	3.89133e-06	0		
1	1	2	25	1.25		289.812	-6.27537e-06	1.08552e-16	-0.00100188	0.032604	-0.00978675	0	0	0	-5.64792e-15	75	-3.23536e-14	0	0	0	1.22265	1.22265	0	0	3.92271e-06	3.92271e-06	0		
1	1	2	26	1.26		289.814	-6.27543e-06	3.52763e-17	-0.000988525	0.0321693	-0.00965626	0	0	0	-6.48074e-15	74	-3.66063e-14	0	0	0	1.19026	1.19026	0	0	3.95408e-06	3.95408e-06	0		
1	1	2	27	1.27		289.817	-6.27548e-06	2.33411e-16	-0.000975166	0.0317345	-0.00952577	0	0	0	-5.31692e-15	73	-3.21512e-14	0	0	0	1.15831	1.15831	0	0	3.98546e-06	3.98546e-06	0		
1	1	2	28	1.28		289.819	-6.27553e-06	4.39735e-17	-0.000961808	0.0312998	-0.00939528	0	0	0	-7.40859e-15	72	-3.46856e-14	0	0	0	1.12679	1.12679	0	0	4.01684e-06	4.01684e-06	0		
1	1	2	29	1.29		289.822	-6.27559e-06	-2.03998e-17	-0.000948449	0.0308651	-0.00926479	0	0	0	-7.65046e-15	71	-3.19488e-14	0	0	0	1.09571	1.09571	0	0	4.04822e-06	4.04822e-06	0		
1	1	2	30	1.3		289.824	-6.27564e-06	5.5749e-17	-0.000935091	0.0304304	-0.0091343	0	0	0	-6.56007e-15	70	-2.56594e-14	0	0	0	1.06506	1.06506	0	0	4.0796e-06	4.0796e-06	0		
1	1	2	31	1.31		289.827	-6.2757e-06	-1.98306e-16	-0.000921733	0.0299957	-0.00900381	0	0	0	-6.50472e-15	69	-2.99121e-14	0	0	0	1.03485	1.03485	0	0	4.11097e-06	4.11097e-06	0		
1	1	2	32	1.32		289.829	-6.27575e-06	-5.98059e-18	-0.000908374	0.0295609	-0.00887332	0	0	0	-6.74659e-15	68	-3.42808e-14	0	0	0	1.00507	1.00507	0	0	4.14235e-06	4.14235e-06	0		
1	1	2	33	1.33		289.832	-6.27581e-06	4.34356e-17	-0.000895016	0.0291262	-0.00874283	0	0	0	-1.0244e-14	67	-4.20862e-14	0	0	0	0.975729	0.975729	0	0	4.17373e-06	4.17373e-06	0		
1	1	2	34	1.34		289.834	-6.27586e-06	-2.21465e-16	-0.000881657	0.0286915	-0.00861234	0	0	0	-7.89472e-15	66	-3.39624e-14	0	0	0	0.94682	0.94682	0	0	4.20511e-06	4.20511e-06	0		
1	1	2	35	1.35		289.837	-6.27591e-06	-5.65788e-17	-0.000868299	0.0282568	-0.00848185	0	0	0	-7.76594e-15	65	-3.2944e-14	0	0	0	0.918346	0.918346	0	0	4.23649e-06	4.23649e-06	0		
1	1	2	36	1.36		289.839	-6.27597e-06	-6.52699e-17	-0.00085494	0.0278221	-0.00835136	0	0	0	-7.4903e-15	64	-2.84889e-14	0	0	0	0.890306	0.890306	0	0	4.26787e-06	4.26787e-06	0		
1	1	2	37	1.37		289.842	-6.27602e-06	-3.3806e-16	-0.000841582	0.0273873	-0.00822087	0	0	0	-6.02924e-15	63	-2.74705e-14	0	0	0	0.862702	0.862702	0	0	4.29925e-06	4.29925e-06	0		
1	1	2	38	1.38		289.844	-6.27608e-06	2.71948e-16	-0.000828224	0.0269526	-0.00809038	0	0	0	-6.78864e-15	62	-3.00049e-14	0	0	0	0.835532	0.835532	0	0	4.33063e-06	4.33063e-06	0		
1	1	2	39	1.39		289.847	-6.27613e-06	1.13135e-16	-0.000814865	0.0265179	-0.00795989	0	0	0	-7.10394e-15	61	-3.25392e-14	0	0	0	0.808796	0.808796	0	0	4.36201e-06	4.36201e-06	0		
1	1	2	40	1.4		289.849	-6.27619e-06	2.54351e-17	-0.000801507	0.0260832	-0.0078294	0	0	0	-5.12537e-15	60	-2.98025e-14	0	0	0	0.782496	0.782496	0	0	4.39339e-06	4.39339e-06	0		
1	1	2	41	1.41		289.852	-6.27624e-06	2.18525e-16	-0.000788148	0.0256485	-0.00769891	0	0	0	-5.51411e-15	59	-3.05025e-14	0	0	0	0.75663	0.75663	0	0	4.42477e-06	4.42477e-06	0		
1	1	2	42	1.42		289.854	-6.27629e-06	1.72076e-16	-0.00077479	0.0252138	-0.00756842	0	0	0	-5.57066e-15	58	-2.68486e-14	0	0	0	0.731199	0.731199	0	0	4.45615e-06	4.45615e-06	0		
1	1	2	43	1.43		289.857	-6.27635e-06	1.73188e-16	-0.000761431	0.024779	-0.00743793	0	0	0	-4.22151e-15	57	-2.14763e-14	0	0	0	0.706202	0.706202	0	0	4.48753e-06	4.48753e-06	0		
1	1	2	44	1.44		289.859	-6.2764e-06	5.89342e-17	-0.000748073	0.0243443	-0.00730744	0	0	0	-6.3866e-15	56	-2.5729e-14	0	0	0	0.681641	0.681641	0	0	4.51892e-06	4.51892e-06	0		
1	1	2	45	1.45		289.862	-6.27646e-06	1.85342e-16	-0.000734714	0.0239096	-0.00717695	0	0	0	-6.7019e-15	55	-2.82633e-14	0	0	0	0.657514	0.657514	0	0	4.5503e-06	4.5503e-06	0		
1	1	2	46	1.46		289.864	-6.27651e-06	-2.36485e-16	-0.000721356	0.0234749	-0.00704646	0	0	0	-5.9437e-15	54	-2.63278e-14	0	0	0	0.633822	0.633822	0	0	4.58168e-06	4.58168e-06	0		
1	1	2	47	1.47		289.867	-6.27657e-06	6.43027e-17	-0.000707998	0.0230402	-0.00691597	0	0	0	-6.70309e-15	53	-2.88621e-14	0	0	0	0.610564	0.610564	0	0	4.61306e-06	4.61306e-06	0		
1	1	2	48	1.48		289.869	-6.27662e-06	1.85051e-16	-0.000694639	0.0226054	-0.00678548	0	0	0	-7.0184e-15	52	-2.78438e-14	0	0	0	0.587741	0.587741	0	0	4.64445e-06	4.64445e-06	0		
1	1	2	49	1.49		289.872	-6.27668e-06	2.69671e-16	-0.000681281	0.0221707	-0.00665499	0	0	0	-5.70596e-15	51	-2.5107e-14	0	0	0	0.565353	0.565353	0	0	4.67583e-06	4.67583e-06	0		
1	1	2	50	1.5		289.874	-6.27673e-06	1.25809e-16	-0.000667922	0.021736	-0.0065245	0	0	0	-4.46696e-15	50	-2.76414e-14	0	0	0	0.5434	0.5434	0	0	4.70721e-06	4.70721e-06	0		
1	1	2	51	1.51		289.877	-6.27678e-06	5.25874e-17	-0.000654564	0.0213013	-0.00639401	0	0	0	-4.22803e-15	49	-2.22691e-14	0	0	0	0.521881	0.521881	0	0	4.7386e-06	4.7386e-06	0		
1	1	2	52	1.52		289.879	-6.27684e-06	1.54996e-16	-0.000641205	0.0208666	-0.00626352	0	0	0	-4.54333e-15	48	-2.48034e-14	0	0	0	0.500797	0.500797	0	0	4.76998e-06	4.76998e-06	0		
1	1	2	53	1.53		289.882	-6.27689e-06	-8.10507e-17	-0.000627847	0.0204318	-0.00613303	0	0	0	-5.96886e-15	47	-2.73378e-14	0	0	0	0.480148	0.480148	0	0	4.80136e-06	4.80136e-06	0		
1	1	2	54	1.54		289.884	-6.27695e-06	-1.79263e-16	-0.000614489	0.0199971	-0.00600254	0	0	0	-4.21234e-15	46	-2.4601e-14	0	0	0	0.459934	0.459934	0	0	4.83275e-06	4.83275e-06	0		
1	1	2	55	1.55		289.887	-6.277e-06	-2.15326e-16	-0.00060113	0.0195624	-0.00587205	0	0	0	-8.11707e-15	45	-3.33236e-14	0	0	0	0.440154	0.440154	0	0	4.86413e-06	4.86413e-06	0		
1	1	2	56	1.56		289.89	-6.27706e-06	-2.51751e-16	-0.000587772	0.0191277	-0.00574156	0	0	0	-5.95317e-15	44	-2.96697e-14	0	0	0	0.420809	0.420809	0	0	4.89552e-06	4.89552e-06	0		
1	1	2	57	1.57		289.892	-6.27711e-06	-7.67214e-17	-0.000574413	0.018693	-0.00561107	0	0	0	-7.97141e-15	43	-3.40384e-14	0	0	0	0.401898	0.401898	0	0	4.9269e-06	4.9269e-06	0		
1	1	2	58	1.58		289.895	-6.27716e-06	-1.37052e-16	-0.000561055	0.0182582	-0.00548058	0	0	0	-8.69409e-15	42	-3.74899e-14	0	0	0	0.383423	0.383423	0	0	4.95829e-06	4.95829e-06	0		
1	1	2	59	1.59		289.897	-6.27722e-06	3.70767e-17	-0.000547696	0.0178235	-0.00535009	0	0	0	-6.15953e-15	41	-3.20017e-14	0	0	0	0.365382	0.365382	0	0	4.98967e-06	4.98967e-06	0		
1	1	2	60	1.6		289.9	-6.27727e-06	1.34378e-16	-0.000534338	0.0173888	-0.0052196	0	0	0	-6.47483e-15	40	-3.27596e-14	0	0	0	0.347776	0.347776	0	0	5.02106e-06	5.02106e-06	0		
1	1	2	61	1.61		289.902	-6.27733e-06	-4.1886e-17	-0.000520979	0.0169541	-0.00508911	0	0	0	-6.86357e-15	39	-3.5236e-14	0	0	0	0.330604	0.330604	0	0	5.05245e-06	5.05245e-06	0		
1	1	2	62	1.62		289.905	-6.27738e-06	5.98633e-17	-0.000507621	0.0165194	-0.00495862	0	0	0	-6.29069e-15	38	-3.42176e-14	0	0	0	0.313868	0.313868	0	0	5.08383e-06	5.08383e-06	0		
1	1	2	63	1.63		289.907	-6.27744e-06	-1.90025e-16	-0.000494263	0.0160846	-0.00482813	0	0	0	-4.09008e-15	37	-2.97045e-14	0	0	0	0.297566	0.297566	0	0	5.11522e-06	5.11522e-06	0		
1	1	2	64	1.64		289.91	-6.27749e-06	6.61111e-17	-0.000480904	0.0156499	-0.00469764	0	0	0	-5.33028e-15	36	-3.48744e-14	0	0	0	0.281698	0.281698	0	0	5.14661e-06	5.14661e-06	0		
1	1	2	65	1.65		289.912	-6.27755e-06	-3.91318e-17	-0.000467546	0.0152152	-0.00456715	0	0	0	-5.64558e-15	35	-3.56324e-14	0	0	0	0.266266	0.266266	0	0	5.178e-06	5.178e-06	0		
1	1	2	66	1.66		289.915	-6.2776e-06	-1.81755e-16	-0.000454187	0.0147805	-0.00443666	0	0	0	-7.07111e-15	34	-3.81667e-14	0	0	0	0.251268	0.251268	0	0	5.20938e-06	5.20938e-06	0		
1	1	2	67	1.67		289.917	-6.27765e-06	-1.43711e-16	-0.000440829	0.0143458	-0.00430617	0	0	0	-7.86722e-15	33	-4.15603e-14	0	0	0	0.236705	0.236705	0	0	5.24077e-06	5.24077e-06	0		
1	1	2	68	1.68		289.92	-6.27771e-06	2.15575e-16	-0.00042747	0.013911	-0.00417568	0	0	0	-7.22092e-15	32	-3.88235e-14	0	0	0	0.222577	0.222577	0	0	5.27216e-06	5.27216e-06	0		
1	1	2	69	1.69		289.922	-6.27776e-06	-1.28045e-16	-0.000414112	0.0134763	-0.00404519	0	0	0	-5.68644e-15	31	-3.25341e-14	0	0	0	0.208883	0.208883	0	0	5.30355e-06	5.30355e-06	0		
1	1	2	70	1.7		289.925	-6.27782e-06	-3.64842e-17	-0.000400753	0.0130416	-0.0039147	0	0	0	-5.96503e-15	30	-3.24329e-14	0	0	0	0.195624	0.195624	0	0	5.33494e-06	5.33494e-06	0		
1	1	2	71	1.71		289.927	-6.27787e-06	2.00593e-16	-0.000387395	0.0126069	-0.00378421	0	0	0	-5.6142e-15	29	-3.14145e-14	0	0	0	0.1828	0.1828	0	0	5.36633e-06	5.36633e-06	0		
1	1	2	72	1.72		289.93	-6.27793e-06	5.07284e-17	-0.000374037	0.0121722	-0.00365372	0	0	0	-7.6132e-15	28	-3.34903e-14	0	0	0	0.17041	0.17041	0	0	5.39772e-06	5.39772e-06	0		
1	1	2	73	1.73		289.932	-6.27798e-06	-9.68136e-17	-0.000360678	0.0117374	-0.00352323	0	0	0	-5.41258e-15	27	-2.89772e-14	0	0	0	0.158455	0.158455	0	0	5.42911e-06	5.42911e-06	0		
1	1	2	74	1.74		289.935	-6.27803e-06	3.93773e-17	-0.00034732	0.0113027	-0.00339274	0	0	0	-5.50584e-15	26	-2.97351e-14	0	0	0	0.146935	0.146935	0	0	5.4605e-06	5.4605e-06	0		
1	1	2	75	1.75		289.937	-6.27809e-06	2.50763e-16	-0.000333961	0.010868	-0.00326225	0	0	0	-7.30116e-15	25	-3.31287e-14	0	0	0	0.13585	0.13585	0	0	5.49189e-06	5.49189e-06	0		
1	1	2	76	1.76		289.94	-6.27814e-06	2.78119e-16	-0.000320603	0.0104333	-0.00313176	0	0	0	-5.15561e-15	24	-3.07925e-14	0	0	0	0.125199	0.125199	0	0	5.52328e-06	5.52328e-06	0		
1	1	2	77	1.77		289.942	-6.2782e-06	-1.18485e-16	-0.000307244	0.00999856	-0.00300127	0	0	0	-5.10114e-15	23	-3.06913e-14	0	0	0	0.114983	0.114983	0	0	5.55467e-06	5.55467e-06	0		
1	1	2	78	1.78		289.945	-6.27825e-06	2.02209e-16	-0.000293886	0.00956384	-0.00287078	0	0	0	-6.89645e-15	22	-3.23085e-14	0	0	0	0.105202	0.105202	0	0	5.58606e-06	5.58606e-06	0		
1	1	2	79	1.79		289.947	-6.27831e-06	-3.1095e-16	-0.000280527	0.00912912	-0.00274029	0	0	0	-4.58481e-15	21	-2.77954e-14	0	0	0	0.0958557	0.0958557	0	0	5.61745e-06	5.61745e-06	0		
1	1	2	80	1.8		289.95	-6.27836e-06	-2.60294e-16	-0.000267169	0.0086944	-0.0026098	0	0	0	-4.88176e-15	20	-2.72356e-14	0	0	0	0.086944	0.086944	0	0	5.64884e-06	5.64884e-06	0		
1	1	2	81	1.81		289.952	-6.27842e-06	9.28333e-18	-0.000253811	0.00825968	-0.00247931	0	0	0	-3.9391e-15	19	-2.44699e-14	0	0	0	0.0784669	0.0784669	0	0	5.68023e-06	5.68023e-06	0		
1	1	2	82	1.82		289.955	-6.27847e-06	1.6658e-16	-0.000240452	0.00782496	-0.00234882	0	0	0	-5.47565e-15	18	-2.6116e-14	0	0	0	0.0704246	0.0704246	0	0	5.71162e-06	5.71162e-06	0		
1	1	2	83	1.83		289.957	-6.27852e-06	-7.61347e-17	-0.000227094	0.00739024	-0.00221833	0	0	0	-6.10567e-15	17	-2.73326e-14	0	0	0	0.062817	0.062817	0	0	5.74302e-06	5.74302e-06	0		
1	1	2	84	1.84		289.96	-6.27858e-06	1.01862e-16	-0.000213735	0.00695552	-0.00208784	0	0	0	-5.64382e-15	16	-2.72024e-14	0	0	0	0.0556441	0.0556441	0	0	5.77441e-06	5.77441e-06	0		
1	1	2	85	1.85		289.962	-6.27863e-06	3.10957e-16	-0.000200377	0.0065208	-0.00195735	0	0	0	-4.23872e-15	15	-2.40071e-14	0	0	0	0.048906	0.048906	0	0	5.8058e-06	5.8058e-06	0		
1	1	2	86	1.86		289.965	-6.27869e-06	1.84163e-16	-0.000187018	0.00608608	-0.00182686	0	0	0	-4.8224e-15	14	-2.49944e-14	0	0	0	0.0426025	0.0426025	0	0	5.8372e-06	5.8372e-06	0		
1	1	2	87	1.87		289.967	-6.27874e-06	-3.94754e-17	-0.00017366	0.00565136	-0.00169637	0	0	0	-4.61057e-15	13	-2.46639e-14	0	0	0	0.0367338	0.0367338	0	0	5.86859e-06	5.86859e-06	0		
1	1	2	88	1.88		289.97	-6.2788e-06	-1.83976e-16	-0.000160301	0.00521664	-0.00156588	0	0	0	-6.49855e-15	12	-2.76278e-14	0	0	0	0.0312998	0.0312998	0	0	5.89998e-06	5.89998e-06	0		
1	1	2	89	1.89		289.972	-6.27885e-06	-1.51126e-16	-0.000146943	0.00478192	-0.00143539	0	0	0	-7.58183e-15	11	-2.95033e-14	0	0	0	0.0263006	0.0263006	0	0	5.93138e-06	5.93138e-06	0		
1	1	2	90	1.9		289.975	-6.2789e-06	1.68138e-16	-0.000133584	0.0043472	-0.0013049	0	0	0	-7.2498e-15	10	-2.85139e-14	0	0	0	0.021736	0.021736	0	0	5.96277e-06	5.96277e-06	0		
1	1	2	91	1.91		289.977	-6.27896e-06	-1.23659e-16	-0.000120226	0.00391248	-0.00117441	0	0	0	-6.26081e-15	9	-2.72952e-14	0	0	0	0.0176062	0.0176062	0	0	5.99417e-06	5.99417e-06	0		
1	1	2	92	1.92		289.98	-6.27901e-06	2.49036e-16	-0.000106868	0.00347776	-0.00104392	0	0	0	-7.40878e-15	8	-2.93855e-14	0	0	0	0.013911	0.013911	0	0	6.02556e-06	6.02556e-06	0		
1	1	2	93	1.93		289.982	-6.27907e-06	-1.14355e-17	-9.35091e-05	0.00304304	-0.00091343	0	0	0	-7.37266e-15	7	-2.92698e-14	0	0	0	0.0106506	0.0106506	0	0	6.05696e-06	6.05696e-06	0		
1	1	2	94	1.94		289.985	-6.27912e-06	-1.73864e-16	-8.01507e-05	0.00260832	-0.00078294	0	0	0	-6.46235e-15	6	-2.77217e-14	0	0	0	0.00782496	0.00782496	0	0	6.08835e-06	6.08835e-06	0		
1	1	2	95	1.95		289.987	-6.27918e-06	-5.88918e-17	-6.67922e-05	0.0021736	-0.00065245	0	0	0	-7.67043e-15	5	-2.94752e-14	0	0	0	0.005434	0.005434	0	0	6.11975e-06	6.11975e-06	0		
1	1	2	96	1.96		289.99	-6.27923e-06	1.24905e-16	-5.34338e-05	0.00173888	-0.00052196	0	0	0	-7.91645e-15	4	-2.9911e-14	0	0	0	0.00347776	0.00347776	0	0	6.15114e-06	6.15114e-06	0		
1	1	2	97	1.97		289.992	-6.27929e-06	1.28907e-16	-4.00753e-05	0.00130416	-0.00039147	0	0	0	-7.18656e-15	3	-2.8807e-14	0	0	0	0.00195624	0.00195624	0	0	6.18254e-06	6.18254e-06	0		
1	1	2	98	1.98		289.995	-6.27934e-06	-1.67142e-16	-2.67169e-05	0.00086944	-0.00026098	0	0	0	-5.38588e-15	2	-2.59948e-14	0	0	0	0.000869442	0.000869442	0	0	6.21394e-06	6.21394e-06	0		
1	1	2	99	1.99		289.997	-6.27939e-06	1.87979e-16	-1.33584e-05	0.00043472	-0.00013049	0	0	0	-5.78801e-15	1	-2.65667e-14	0	0	0	0.000217363	0.000217363	0	0	6.24533e-06	6.24533e-06	0		
1	1	2	100	2		290	-6.27945e-06	-2.42533e-16	2.17553e-11	5.43882e-11	4.78616e-11	0	0	0	-5.16687e-15	1.54146e-14	-2.54911e-14	0	0	0	2.71863e-09	2.71863e-09	0	0	6.27673e-06	6.27673e-06	0		
