0.000e+00 0.000e+00 -2.260e-05
1.000e+00 5.000e-03 3.820e-04
2.000e+00 1.000e-02 7.890e-04
3.000e+00 1.500e-02 1.190e-03
4.000e+00 2.000e-02 1.593e-03
5.000e+00 2.500e-02 1.999e-03
6.000e+00 3.000e-02 2.396e-03
7.000e+00 3.500e-02 2.799e-03
8.000e+00 4.000e-02 3.202e-03
9.000e+00 4.500e-02 3.610e-03
1.000e+01 5.000e-02 4.007e-03
1.100e+01 5.500e-02 4.411e-03
1.200e+01 6.000e-02 4.810e-03
1.300e+01 6.500e-02 5.218e-03
1.400e+01 7.000e-02 5.614e-03
1.500e+01 7.500e-02 6.019e-03
1.600e+01 8.000e-02 6.421e-03
1.700e+01 8.500e-02 6.823e-03
1.800e+01 9.000e-02 7.226e-03
1.900e+01 9.500e-02 7.631e-03
2.000e+01 1.000e-01 8.028e-03
2.100e+01 1.050e-01 8.432e-03
2.200e+01 1.100e-01 8.838e-03
2.300e+01 1.150e-01 9.235e-03
2.400e+01 1.200e-01 9.637e-03
2.500e+01 1.250e-01 1.004e-02
2.600e+01 1.300e-01 1.044e-02
2.700e+01 1.350e-01 1.085e-02
2.800e+01 1.400e-01 1.125e-02
2.900e+01 1.450e-01 1.165e-02
3.000e+01 1.500e-01 1.205e-02
3.100e+01 1.550e-01 1.245e-02
3.200e+01 1.600e-01 1.285e-02
3.300e+01 1.650e-01 1.326e-02
3.400e+01 1.700e-01 1.366e-02
3.500e+01 1.750e-01 1.406e-02
3.600e+01 1.800e-01 1.446e-02
3.700e+01 1.850e-01 1.486e-02
3.800e+01 1.900e-01 1.527e-02
3.900e+01 1.950e-01 1.566e-02
4.000e+01 2.000e-01 1.607e-02
4.100e+01 2.050e-01 1.647e-02
4.200e+01 2.100e-01 1.687e-02
4.300e+01 2.150e-01 1.728e-02
4.400e+01 2.200e-01 1.768e-02
4.500e+01 2.250e-01 1.808e-02
4.600e+01 2.300e-01 1.848e-02
4.700e+01 2.350e-01 1.888e-02
4.800e+01 2.400e-01 1.929e-02
4.900e+01 2.450e-01 1.968e-02
5.000e+01 2.500e-01 2.000e-02
5.100e+01 2.550e-01 1.979e-02
5.200e+01 2.600e-01 1.945e-02
5.300e+01 2.650e-01 1.907e-02
5.400e+01 2.700e-01 1.869e-02
5.500e+01 2.750e-01 1.831e-02
5.600e+01 2.800e-01 1.794e-02
5.700e+01 2.850e-01 1.756e-02
5.800e+01 2.900e-01 1.718e-02
5.900e+01 2.950e-01 1.680e-02
6.000e+01 3.000e-01 1.646e-02
6.100e+01 3.050e-01 1.613e-02
6.200e+01 3.100e-01 1.572e-02
6.300e+01 3.150e-01 1.525e-02
6.400e+01 3.200e-01 1.476e-02
6.500e+01 3.250e-01 1.425e-02
6.600e+01 3.300e-01 1.382e-02
6.700e+01 3.350e-01 1.342e-02
6.800e+01 3.400e-01 1.302e-02
6.900e+01 3.450e-01 1.262e-02
7.000e+01 3.500e-01 1.221e-02
7.100e+01 3.550e-01 1.181e-02
7.200e+01 3.600e-01 1.140e-02
7.300e+01 3.650e-01 1.100e-02
7.400e+01 3.700e-01 1.059e-02
7.500e+01 3.750e-01 1.019e-02
7.600e+01 3.800e-01 9.787e-03
7.700e+01 3.850e-01 9.382e-03
7.800e+01 3.900e-01 8.981e-03
7.900e+01 3.950e-01 8.580e-03
8.000e+01 4.000e-01 8.179e-03
8.100e+01 4.050e-01 7.777e-03
8.200e+01 4.100e-01 7.372e-03
8.300e+01 4.150e-01 6.969e-03
8.400e+01 4.200e-01 6.570e-03
8.500e+01 4.250e-01 6.167e-03
8.600e+01 4.300e-01 5.763e-03
8.700e+01 4.350e-01 5.359e-03
8.800e+01 4.400e-01 4.956e-03
8.900e+01 4.450e-01 4.558e-03
9.000e+01 4.500e-01 4.156e-03
9.100e+01 4.550e-01 3.751e-03
9.200e+01 4.600e-01 3.350e-03
9.300e+01 4.650e-01 2.946e-03
9.400e+01 4.700e-01 2.543e-03
9.500e+01 4.750e-01 2.144e-03
9.600e+01 4.800e-01 1.738e-03
9.700e+01 4.850e-01 1.336e-03
9.800e+01 4.900e-01 9.309e-04
9.900e+01 4.950e-01 5.320e-04
1.000e+02 5.000e-01 1.250e-04
1.010e+02 5.050e-01 -2.750e-04
1.020e+02 5.100e-01 -6.800e-04
1.030e+02 5.150e-01 -1.080e-03
1.040e+02 5.200e-01 -1.485e-03
1.050e+02 5.250e-01 -1.883e-03
1.060e+02 5.300e-01 -2.288e-03
1.070e+02 5.350e-01 -2.688e-03
1.080e+02 5.400e-01 -3.090e-03
1.090e+02 5.450e-01 -3.491e-03
1.100e+02 5.500e-01 -3.898e-03
1.110e+02 5.550e-01 -4.300e-03
1.120e+02 5.600e-01 -4.698e-03
1.130e+02 5.650e-01 -5.100e-03
1.140e+02 5.700e-01 -5.503e-03
1.150e+02 5.750e-01 -5.902e-03
1.160e+02 5.800e-01 -6.306e-03
1.170e+02 5.850e-01 -6.701e-03
1.180e+02 5.900e-01 -7.111e-03
1.190e+02 5.950e-01 -7.506e-03
1.200e+02 6.000e-01 -7.906e-03
1.210e+02 6.050e-01 -8.313e-03
1.220e+02 6.100e-01 -8.710e-03
1.230e+02 6.150e-01 -9.111e-03
1.240e+02 6.200e-01 -9.512e-03
1.250e+02 6.250e-01 -9.911e-03
1.260e+02 6.300e-01 -1.031e-02
1.270e+02 6.350e-01 -1.071e-02
1.280e+02 6.400e-01 -1.112e-02
1.290e+02 6.450e-01 -1.151e-02
1.300e+02 6.500e-01 -1.191e-02
1.310e+02 6.550e-01 -1.232e-02
1.320e+02 6.600e-01 -1.271e-02
1.330e+02 6.650e-01 -1.312e-02
1.340e+02 6.700e-01 -1.351e-02
1.350e+02 6.750e-01 -1.392e-02
1.360e+02 6.800e-01 -1.432e-02
1.370e+02 6.850e-01 -1.472e-02
1.380e+02 6.900e-01 -1.512e-02
1.390e+02 6.950e-01 -1.552e-02
1.400e+02 7.000e-01 -1.592e-02
1.410e+02 7.050e-01 -1.632e-02
1.420e+02 7.100e-01 -1.672e-02
1.430e+02 7.150e-01 -1.712e-02
1.440e+02 7.200e-01 -1.752e-02
1.450e+02 7.250e-01 -1.792e-02
1.460e+02 7.300e-01 -1.832e-02
1.470e+02 7.350e-01 -1.872e-02
1.480e+02 7.400e-01 -1.912e-02
1.490e+02 7.450e-01 -1.952e-02
1.500e+02 7.500e-01 -1.992e-02
1.510e+02 7.550e-01 -1.993e-02
1.520e+02 7.600e-01 -1.954e-02
1.530e+02 7.650e-01 -1.916e-02
1.540e+02 7.700e-01 -1.879e-02
1.550e+02 7.750e-01 -1.845e-02
1.560e+02 7.800e-01 -1.809e-02
1.570e+02 7.850e-01 -1.774e-02
1.580e+02 7.900e-01 -1.738e-02
1.590e+02 7.950e-01 -1.703e-02
1.600e+02 8.000e-01 -1.665e-02
1.610e+02 8.050e-01 -1.631e-02
1.620e+02 8.100e-01 -1.599e-02
1.630e+02 8.150e-01 -1.557e-02
1.640e+02 8.200e-01 -1.511e-02
1.650e+02 8.250e-01 -1.463e-02
1.660e+02 8.300e-01 -1.409e-02
1.670e+02 8.350e-01 -1.364e-02
1.680e+02 8.400e-01 -1.323e-02
1.690e+02 8.450e-01 -1.283e-02
1.700e+02 8.500e-01 -1.242e-02
1.710e+02 8.550e-01 -1.202e-02
1.720e+02 8.600e-01 -1.162e-02
1.730e+02 8.650e-01 -1.122e-02
1.740e+02 8.700e-01 -1.081e-02
1.750e+02 8.750e-01 -1.041e-02
1.760e+02 8.800e-01 -9.997e-03
1.770e+02 8.850e-01 -9.602e-03
1.780e+02 8.900e-01 -9.204e-03
1.790e+02 8.950e-01 -8.792e-03
1.800e+02 9.000e-01 -8.405e-03
1.810e+02 9.050e-01 -7.995e-03
1.820e+02 9.100e-01 -7.585e-03
1.830e+02 9.150e-01 -7.188e-03
1.840e+02 9.200e-01 -6.784e-03
1.850e+02 9.250e-01 -6.381e-03
1.860e+02 9.300e-01 -5.979e-03
1.870e+02 9.350e-01 -5.575e-03
1.880e+02 9.400e-01 -5.173e-03
1.890e+02 9.450e-01 -4.770e-03
1.900e+02 9.500e-01 -4.365e-03
1.910e+02 9.550e-01 -3.960e-03
1.920e+02 9.600e-01 -3.561e-03
1.930e+02 9.650e-01 -3.153e-03
1.940e+02 9.700e-01 -2.754e-03
1.950e+02 9.750e-01 -2.352e-03
1.960e+02 9.800e-01 -1.948e-03
1.970e+02 9.850e-01 -1.539e-03
1.980e+02 9.900e-01 -1.141e-03
1.990e+02 9.950e-01 -7.335e-04
